-9.458264112472534180e-01,5.852753639221191406e+00,3.704942941665649414e+00,1.383616161346435547e+01,3.094179534912109375e+01,4.760420227050781250e+01,6.897091674804687500e+01,8.693299102783203125e+01,1.028325576782226562e+02,1.211221313476562500e+02,1.345530548095703125e+02,1.390866241455078125e+02,1.426511230468750000e+02,1.421878356933593750e+02,1.440952758789062500e+02,1.347253570556640625e+02,1.293276367187500000e+02,1.179895401000976562e+02,1.063342666625976562e+02,9.671105194091796875e+01,8.390236663818359375e+01,7.468798065185546875e+01,6.577803039550781250e+01,6.133810806274414062e+01,5.290927124023437500e+01,3.803250503540039062e+01,2.721559143066406250e+01,1.833176803588867188e+01,1.463618564605712891e+01,1.786533355712890625e+01,1.318379783630371094e+01,1.168051719665527344e+01,9.438735961914062500e+00,2.971200466156005859e+00,1.798254013061523438e+00,6.377997398376464844e+00,3.681943178176879883e+00,4.832329273223876953e+00,4.809432029724121094e+00,-1.284932136535644531e+00,-2.247882604598999023e+00,-1.879593014717102051e+00,-2.567364454269409180e+00,-1.573768258094787598e+00,-6.190598756074905396e-02,1.244532465934753418e+00,-2.643550157546997070e+00,2.949355363845825195e+00
4.010751843452453613e-02,1.013132452964782715e+00,1.023383975028991699e+00,2.376120567321777344e+00,4.062416076660156250e+00,7.146207332611083984e+00,9.921105384826660156e+00,1.230714893341064453e+01,1.393575000762939453e+01,1.726449966430664062e+01,1.976524543762207031e+01,2.039047050476074219e+01,2.115103721618652344e+01,2.003205490112304688e+01,1.992812347412109375e+01,1.818581771850585938e+01,1.784477996826171875e+01,1.530765438079833984e+01,1.377206230163574219e+01,1.223761940002441406e+01,1.044608211517333984e+01,9.570333480834960938e+00,8.382290840148925781e+00,7.084547996520996094e+00,6.373601913452148438e+00,3.750757217407226562e+00,2.803143978118896484e+00,2.132950782775878906e+00,1.816753387451171875e+00,1.775555849075317383e+00,1.031211853027343750e+00,9.696839451789855957e-01,8.879392743110656738e-01,-7.524159550666809082e-02,-1.711080372333526611e-01,9.539309144020080566e-01,5.094571113586425781e-01,6.100228428840637207e-01,6.772061586380004883e-01,-4.840499758720397949e-01,-3.907638043165206909e-02,-3.404538035392761230e-01,-6.558803319931030273e-01,-1.225448399782180786e-01,1.036705896258354187e-01,2.774293720722198486e-01,4.645771533250808716e-02,8.304093778133392334e-02
-1.016788929700851440e-02,4.895382225513458252e-01,7.087375521659851074e-01,1.202891469001770020e+00,1.581466078758239746e+00,3.246022701263427734e+00,4.326130867004394531e+00,5.239277839660644531e+00,5.828744888305664062e+00,7.414032459259033203e+00,8.799533843994140625e+00,9.045882225036621094e+00,9.498077392578125000e+00,8.580909729003906250e+00,8.444343566894531250e+00,7.416443824768066406e+00,7.543262004852294922e+00,5.983680725097656250e+00,5.467337608337402344e+00,4.688764095306396484e+00,3.954242944717407227e+00,3.867412090301513672e+00,3.344074964523315430e+00,2.436386108398437500e+00,2.372030973434448242e+00,1.074234604835510254e+00,8.894113302230834961e-01,7.252347469329833984e-01,7.287221550941467285e-01,5.632287263870239258e-01,1.818985342979431152e-01,1.536071896553039551e-01,2.041532695293426514e-01,-3.559136092662811279e-01,-2.555913925170898438e-01,4.892811179161071777e-01,3.008999526500701904e-01,2.875305116176605225e-01,3.221813440322875977e-01,-3.309642076492309570e-01,1.691130995750427246e-01,-2.098030745983123779e-01,-3.479193747043609619e-01,9.262178093194961548e-03,3.580417484045028687e-02,1.799589544534683228e-01,1.576935052871704102e-01,-7.623799145221710205e-02
-1.077309489250183105e+00,6.202547073364257812e+00,3.842539310455322266e+00,1.480130481719970703e+01,3.300770568847656250e+01,5.080534362792968750e+01,7.377548217773437500e+01,9.300352478027343750e+01,1.102475891113281250e+02,1.298314208984375000e+02,1.437003784179687500e+02,1.488509979248046875e+02,1.525626068115234375e+02,1.523672790527343750e+02,1.544221801757812500e+02,1.447000274658203125e+02,1.383278656005859375e+02,1.267405319213867188e+02,1.142597961425781250e+02,1.040922622680664062e+02,9.030342864990234375e+01,8.021862792968750000e+01,7.045042419433593750e+01,6.596492004394531250e+01,5.666684341430664062e+01,4.093431091308593750e+01,2.919942665100097656e+01,1.978549575805664062e+01,1.570149993896484375e+01,1.896890258789062500e+01,1.417018413543701172e+01,1.255815982818603516e+01,1.000057029724121094e+01,3.230268716812133789e+00,1.795402526855468750e+00,6.405038356781005859e+00,3.725646495819091797e+00,5.050806999206542969e+00,4.960197925567626953e+00,-1.260786056518554688e+00,-2.640830516815185547e+00,-2.059416770935058594e+00,-2.880489826202392578e+00,-1.849587082862854004e+00,-2.366197854280471802e-02,1.406765580177307129e+00,-3.230646133422851562e+00,3.378877401351928711e+00
-7.164248824119567871e-02,1.827415943145751953e+00,1.484841108322143555e+00,4.446678161621093750e+00,8.549753189086914062e+00,1.420010471343994141e+01,2.012223434448242188e+01,2.518085670471191406e+01,2.933227729797363281e+01,3.543419265747070312e+01,3.963667297363281250e+01,4.107499694824218750e+01,4.229455947875976562e+01,4.134761047363281250e+01,4.145353698730468750e+01,3.848534393310546875e+01,3.692318725585937500e+01,3.317215728759765625e+01,2.971784782409667969e+01,2.681347465515136719e+01,2.308174133300781250e+01,2.066705322265625000e+01,1.798318290710449219e+01,1.623970985412597656e+01,1.409148311614990234e+01,9.390224456787109375e+00,6.744529247283935547e+00,4.978482246398925781e+00,4.011348247528076172e+00,4.281340122222900391e+00,2.884056329727172852e+00,2.727859973907470703e+00,2.240010738372802734e+00,4.981652796268463135e-01,-2.794321626424789429e-04,1.553782224655151367e+00,9.378272294998168945e-01,1.176589608192443848e+00,1.198940634727478027e+00,-6.579347848892211914e-01,-6.288418769836425781e-01,-5.942318439483642578e-01,-1.132349729537963867e+00,-4.732294082641601562e-01,1.864901781082153320e-01,4.856839478015899658e-01,-6.007233262062072754e-01,6.588229537010192871e-01
-1.444426178932189941e+00,8.318236351013183594e+00,4.256290435791015625e+00,1.732033920288085938e+01,4.254953002929687500e+01,6.366057968139648438e+01,9.259577178955078125e+01,1.171674957275390625e+02,1.388068389892578125e+02,1.622546234130859375e+02,1.810996398925781250e+02,1.860350646972656250e+02,1.912149810791015625e+02,1.908432159423828125e+02,1.943404235839843750e+02,1.812039031982421875e+02,1.756390380859375000e+02,1.591422576904296875e+02,1.442256622314453125e+02,1.312099914550781250e+02,1.140962753295898438e+02,1.016856765747070312e+02,9.097070312500000000e+01,8.485408020019531250e+01,7.359859466552734375e+01,5.370022583007812500e+01,3.841241455078125000e+01,2.468264007568359375e+01,1.987361335754394531e+01,2.614288902282714844e+01,1.981566619873046875e+01,1.713067054748535156e+01,1.392970752716064453e+01,4.609888553619384766e+00,4.094312191009521484e+00,1.068225669860839844e+01,5.886811733245849609e+00,7.601124286651611328e+00,7.690133094787597656e+00,-1.537704944610595703e+00,-2.163224935531616211e+00,-2.363404750823974609e+00,-2.664420843124389648e+00,-1.621171116828918457e+00,-6.411348581314086914e-01,1.505834460258483887e+00,-2.625687837600708008e+00,3.672955274581909180e+00
-4.276763796806335449e-01,3.496641635894775391e+00,2.570227384567260742e+00,8.815223693847656250e+00,1.812927246093750000e+01,2.889332771301269531e+01,4.152838134765625000e+01,5.220293426513671875e+01,6.151113128662109375e+01,7.324020385742187500e+01,8.117669677734375000e+01,8.432025909423828125e+01,8.647917938232421875e+01,8.582038116455078125e+01,8.645410919189453125e+01,8.089449310302734375e+01,7.702774810791015625e+01,7.042567443847656250e+01,6.316447448730468750e+01,5.738656997680664062e+01,4.958958435058593750e+01,4.410926818847656250e+01,3.834788894653320312e+01,3.554568481445312500e+01,3.051362228393554688e+01,2.145056343078613281e+01,1.529666900634765625e+01,1.082475376129150391e+01,8.620524406433105469e+00,9.644381523132324219e+00,6.917273044586181641e+00,6.337553024291992188e+00,5.063633441925048828e+00,1.518797397613525391e+00,3.468940854072570801e-01,3.031631469726562500e+00,1.876675486564636230e+00,2.439615964889526367e+00,2.418934106826782227e+00,-9.400420188903808594e-01,-1.634100794792175293e+00,-1.211588263511657715e+00,-2.000821113586425781e+00,-1.144334077835083008e+00,2.107495069503784180e-01,9.017210602760314941e-01,-1.882118344306945801e+00,1.803318738937377930e+00
9.549580514430999756e-03,7.152311205863952637e-01,8.609468936920166016e-01,1.679623246192932129e+00,2.579322576522827148e+00,4.831859588623046875e+00,6.559017658233642578e+00,8.077514648437500000e+00,9.023175239562988281e+00,1.131202030181884766e+01,1.323014545440673828e+01,1.356897926330566406e+01,1.416314125061035156e+01,1.309655952453613281e+01,1.297281742095947266e+01,1.162879276275634766e+01,1.166594982147216797e+01,9.584396362304687500e+00,8.685805320739746094e+00,7.605990886688232422e+00,6.450899600982666016e+00,6.100923061370849609e+00,5.357705116271972656e+00,4.229831218719482422e+00,3.947680234909057617e+00,2.078434228897094727e+00,1.644106626510620117e+00,1.247755050659179688e+00,1.158615231513977051e+00,1.056880950927734375e+00,5.224718451499938965e-01,4.497225284576416016e-01,4.639761745929718018e-01,-2.741563916206359863e-01,-2.168013751506805420e-01,7.257726192474365234e-01,4.052090942859649658e-01,4.200248122215270996e-01,5.101618170738220215e-01,-4.008365273475646973e-01,1.502176225185394287e-01,-2.700910270214080811e-01,-4.660632908344268799e-01,-2.770909294486045837e-02,6.078786402940750122e-02,2.169401347637176514e-01,1.826865971088409424e-01,-6.316669285297393799e-02
-1.312628984451293945e-01,2.058402776718139648e+00,1.612650632858276367e+00,5.066151618957519531e+00,9.951847076416015625e+00,1.632136726379394531e+01,2.323510360717773438e+01,2.911733627319335938e+01,3.407398223876953125e+01,4.094279861450195312e+01,4.564056015014648438e+01,4.733448410034179688e+01,4.869143295288085938e+01,4.783497238159179688e+01,4.803594589233398438e+01,4.471823120117187500e+01,4.278601837158203125e+01,3.867675399780273438e+01,3.466722106933593750e+01,3.136382484436035156e+01,2.703963088989257812e+01,2.413953971862792969e+01,2.099752044677734375e+01,1.914157295227050781e+01,1.654022789001464844e+01,1.122755336761474609e+01,8.040522575378417969e+00,5.864590644836425781e+00,4.700900554656982422e+00,5.097631931304931641e+00,3.516459703445434570e+00,3.292000293731689453e+00,2.671344280242919922e+00,6.647588610649108887e-01,6.993108242750167847e-02,1.753327608108520508e+00,1.075363874435424805e+00,1.367327213287353516e+00,1.372262597084045410e+00,-6.817331314086914062e-01,-7.956429719924926758e-01,-6.815246343612670898e-01,-1.248168826103210449e+00,-5.792077779769897461e-01,1.919285058975219727e-01,5.550103187561035156e-01,-8.195610046386718750e-01,8.509556055068969727e-01
-6.240107119083404541e-03,5.747067928314208984e-01,7.939747571945190430e-01,1.395099759101867676e+00,1.929975390434265137e+00,3.845069408416748047e+00,5.155515193939208984e+00,6.278599739074707031e+00,6.983265876770019531e+00,8.855061531066894531e+00,1.048279285430908203e+01,1.076273632049560547e+01,1.127531242370605469e+01,1.026202678680419922e+01,1.011445713043212891e+01,8.940453529357910156e+00,9.054359436035156250e+00,7.257585525512695312e+00,6.610734462738037109e+00,5.700953960418701172e+00,4.806311130523681641e+00,4.662325382232666016e+00,4.047371387481689453e+00,3.020965337753295898e+00,2.897662401199340820e+00,1.376243114471435547e+00,1.132105231285095215e+00,8.932920098304748535e-01,8.801396489143371582e-01,7.162266373634338379e-01,2.745730578899383545e-01,2.242636829614639282e-01,2.825534045696258545e-01,-3.608104288578033447e-01,-2.638070881366729736e-01,5.831577181816101074e-01,3.469605743885040283e-01,3.348112106323242188e-01,3.902778029441833496e-01,-3.669040203094482422e-01,1.818948984146118164e-01,-2.336665987968444824e-01,-3.961560428142547607e-01,1.676939427852630615e-04,3.948075324296951294e-02,1.963175684213638306e-01,1.769256591796875000e-01,-7.808028161525726318e-02
-4.015076160430908203e-02,1.681566357612609863e+00,1.378556251525878906e+00,3.984864234924316406e+00,7.569220542907714844e+00,1.266517066955566406e+01,1.790151977539062500e+01,2.237569999694824219e+01,2.595989418029785156e+01,3.145717620849609375e+01,3.534094619750976562e+01,3.655715560913085938e+01,3.768272399902343750e+01,3.665880584716796875e+01,3.673143768310546875e+01,3.400629043579101562e+01,3.278693008422851562e+01,2.923069763183593750e+01,2.622139167785644531e+01,2.359456825256347656e+01,2.029774284362792969e+01,1.824610328674316406e+01,1.592784595489501953e+01,1.424818134307861328e+01,1.243354225158691406e+01,8.136831283569335938e+00,5.884319305419921875e+00,4.354552745819091797e+00,3.522641897201538086e+00,3.774713277816772461e+00,2.503021001815795898e+00,2.368618726730346680e+00,1.981859922409057617e+00,3.675960600376129150e-01,2.244407311081886292e-03,1.483545780181884766e+00,8.635710477828979492e-01,1.086740732192993164e+00,1.120109677314758301e+00,-6.322560310363769531e-01,-4.831856191158294678e-01,-5.321494340896606445e-01,-1.025857806205749512e+00,-3.749594092369079590e-01,1.696316301822662354e-01,4.248873293399810791e-01,-3.910861015319824219e-01,5.078661441802978516e-01
-2.325884997844696045e-01,2.561051368713378906e+00,1.951824188232421875e+00,6.374065876007080078e+00,1.278961277008056641e+01,2.069557380676269531e+01,2.959661674499511719e+01,3.714025497436523438e+01,4.359844207763671875e+01,5.217596054077148438e+01,5.799631500244140625e+01,6.020225143432617188e+01,6.183236694335937500e+01,6.103904724121093750e+01,6.138164520263671875e+01,5.728844070434570312e+01,5.467174530029296875e+01,4.970134353637695312e+01,4.455595016479492188e+01,4.038866043090820312e+01,3.485785675048828125e+01,3.106670761108398438e+01,2.700904846191406250e+01,2.481950569152832031e+01,2.137537193298339844e+01,1.475559043884277344e+01,1.054378700256347656e+01,7.583317279815673828e+00,6.059630393981933594e+00,6.656903743743896484e+00,4.680902481079101562e+00,4.343337059020996094e+00,3.493030071258544922e+00,9.639567732810974121e-01,1.538177132606506348e-01,2.189263820648193359e+00,1.342600464820861816e+00,1.733602881431579590e+00,1.726202487945556641e+00,-7.763590812683105469e-01,-1.092392921447753906e+00,-8.668776750564575195e-01,-1.517093420028686523e+00,-7.795631289482116699e-01,2.002351880073547363e-01,6.744427084922790527e-01,-1.192589879035949707e+00,1.182473421096801758e+00
-2.329230308532714844e-02,1.518372178077697754e+00,1.240165352821350098e+00,3.517590045928955078e+00,6.654133796691894531e+00,1.117095756530761719e+01,1.577860736846923828e+01,1.968941879272460938e+01,2.281749916076660156e+01,2.766222381591796875e+01,3.115022087097167969e+01,3.217823410034179688e+01,3.319902801513671875e+01,3.218468093872070312e+01,3.227290725708007812e+01,2.982987785339355469e+01,2.886299133300781250e+01,2.560095214843750000e+01,2.301252746582031250e+01,2.067771148681640625e+01,1.780327033996582031e+01,1.603754425048828125e+01,1.404554748535156250e+01,1.250353336334228516e+01,1.095095252990722656e+01,7.102046966552734375e+00,5.150374412536621094e+00,3.812590122222900391e+00,3.089619874954223633e+00,3.347078084945678711e+00,2.210930109024047852e+00,2.085103034973144531e+00,1.754937887191772461e+00,2.780590951442718506e-01,2.711426652967929840e-02,1.388848543167114258e+00,7.823870182037353516e-01,1.004569888114929199e+00,1.029697060585021973e+00,-5.782786607742309570e-01,-3.735987246036529541e-01,-4.789174795150756836e-01,-9.101705551147460938e-01,-2.991843819618225098e-01,1.503671109676361084e-01,3.802518844604492188e-01,-2.465845048427581787e-01,4.041320383548736572e-01
-3.988265693187713623e-01,3.436237812042236328e+00,2.591277360916137695e+00,8.769290924072265625e+00,1.789583206176757812e+01,2.863891792297363281e+01,4.106421661376953125e+01,5.164442825317382812e+01,6.077696609497070312e+01,7.250181579589843750e+01,8.035426330566406250e+01,8.350434875488281250e+01,8.564910125732421875e+01,8.496800994873046875e+01,8.549758911132812500e+01,7.997598266601562500e+01,7.607841491699218750e+01,6.958595275878906250e+01,6.231803131103515625e+01,5.660335922241210938e+01,4.886473846435546875e+01,4.345681762695312500e+01,3.771857070922851562e+01,3.491757202148437500e+01,2.995990371704101562e+01,2.102078437805175781e+01,1.497344017028808594e+01,1.064673423767089844e+01,8.500101089477539062e+00,9.375068664550781250e+00,6.673322677612304688e+00,6.148430824279785156e+00,4.908936023712158203e+00,1.488117814064025879e+00,2.393482327461242676e-01,2.881756544113159180e+00,1.830771327018737793e+00,2.329381704330444336e+00,2.324790716171264648e+00,-9.600304365158081055e-01,-1.642911195755004883e+00,-1.204495787620544434e+00,-2.021220684051513672e+00,-1.152766585350036621e+00,2.322415113449096680e-01,8.928938508033752441e-01,-1.915154099464416504e+00,1.780248403549194336e+00
-3.072572648525238037e-01,2.691741466522216797e+00,1.924956917762756348e+00,6.476372718811035156e+00,1.338290023803710938e+01,2.132778167724609375e+01,3.067340087890625000e+01,3.848734283447265625e+01,4.527568435668945312e+01,5.386204910278320312e+01,5.996551895141601562e+01,6.209500885009765625e+01,6.374715042114257812e+01,6.299598312377929688e+01,6.356253814697265625e+01,5.932528686523437500e+01,5.688378906250000000e+01,5.159975051879882812e+01,4.644667816162109375e+01,4.210579681396484375e+01,3.644984817504882812e+01,3.252635955810546875e+01,2.847053337097167969e+01,2.621432495117187500e+01,2.265842437744140625e+01,1.574878025054931641e+01,1.130854988098144531e+01,7.954740524291992188e+00,6.345065116882324219e+00,7.308949947357177734e+00,5.234051704406738281e+00,4.762215137481689453e+00,3.866343259811401367e+00,1.021894931793212891e+00,4.309917092323303223e-01,2.586482048034667969e+00,1.488326668739318848e+00,2.004682540893554688e+00,1.977834343910217285e+00,-7.474970817565917969e-01,-1.024743795394897461e+00,-8.872722387313842773e-01,-1.432453632354736328e+00,-7.256829738616943359e-01,1.386170983314514160e-01,6.536884903907775879e-01,-1.063803791999816895e+00,1.186486124992370605e+00
3.388340771198272705e-02,9.046754837036132812e-01,9.635041356086730957e-01,2.108264923095703125e+00,3.477826118469238281e+00,6.238429069519042969e+00,8.615434646606445312e+00,1.064822006225585938e+01,1.198328113555908203e+01,1.489887523651123047e+01,1.720245552062988281e+01,1.770161819458007812e+01,1.840566062927246094e+01,1.728732681274414062e+01,1.717733192443847656e+01,1.557616901397705078e+01,1.542862033843994141e+01,1.302166748046875000e+01,1.176002311706542969e+01,1.040172767639160156e+01,8.860390663146972656e+00,8.197947502136230469e+00,7.208792686462402344e+00,5.965822696685791016e+00,5.427925586700439453e+00,3.073434352874755859e+00,2.349903345108032227e+00,1.781641483306884766e+00,1.553060531616210938e+00,1.502408981323242188e+00,8.447637557983398438e-01,7.610182166099548340e-01,7.300862073898315430e-01,-1.548829376697540283e-01,-1.907520294189453125e-01,8.876821398735046387e-01,4.724497497081756592e-01,5.494459867477416992e-01,6.270506381988525391e-01,-4.390236139297485352e-01,5.382321029901504517e-02,-3.091379106044769287e-01,-5.827711820602416992e-01,-7.838968932628631592e-02,8.945085853338241577e-02,2.563447654247283936e-01,1.218122914433479309e-01,4.468070808798074722e-03
-1.045022308826446533e-01,1.887717247009277344e+00,1.481907367706298828e+00,4.540005683898925781e+00,8.875562667846679688e+00,1.460276031494140625e+01,2.076480293273925781e+01,2.599623489379882812e+01,3.034904289245605469e+01,3.651979827880859375e+01,4.082228469848632812e+01,4.228253555297851562e+01,4.351765823364257812e+01,4.261305618286132812e+01,4.279525375366210938e+01,3.977224731445312500e+01,3.818869018554687500e+01,3.434440612792968750e+01,3.082742500305175781e+01,2.784031105041503906e+01,2.400464057922363281e+01,2.148781967163085938e+01,1.874384689331054688e+01,1.698808860778808594e+01,1.473725605010986328e+01,9.905502319335937500e+00,7.120831489562988281e+00,5.189381122589111328e+00,4.170494079589843750e+00,4.553444862365722656e+00,3.119377136230468750e+00,2.915641546249389648e+00,2.390679836273193359e+00,5.372399687767028809e-01,7.975410670042037964e-02,1.664696693420410156e+00,9.833143949508666992e-01,1.267628908157348633e+00,1.275957703590393066e+00,-6.422861814498901367e-01,-6.463437676429748535e-01,-6.158571243286132812e-01,-1.122027397155761719e+00,-4.762095212936401367e-01,1.688409447669982910e-01,4.875622093677520752e-01,-6.107704639434814453e-01,6.964962482452392578e-01
-2.115692198276519775e-01,2.523756980895996094e+00,1.960513114929199219e+00,6.259253978729248047e+00,1.247867488861083984e+01,2.025322723388671875e+01,2.890213012695312500e+01,3.628636550903320312e+01,4.249889373779296875e+01,5.095941925048828125e+01,5.673693847656250000e+01,5.885393142700195312e+01,6.045967102050781250e+01,5.960316085815429688e+01,5.988864517211914062e+01,5.581999588012695312e+01,5.334798431396484375e+01,4.838906860351562500e+01,4.334864044189453125e+01,3.924967956542968750e+01,3.384646224975585938e+01,3.020925712585449219e+01,2.627083587646484375e+01,2.405310440063476562e+01,2.075665092468261719e+01,1.425233078002929688e+01,1.019845771789550781e+01,7.338337898254394531e+00,5.881113529205322266e+00,6.431393623352050781e+00,4.476838111877441406e+00,4.163017749786376953e+00,3.378708362579345703e+00,9.049968123435974121e-01,1.246207281947135925e-01,2.158011436462402344e+00,1.332876086235046387e+00,1.683952808380126953e+00,1.700500488281250000e+00,-8.033545017242431641e-01,-1.030678868293762207e+00,-8.486944437026977539e-01,-1.497791528701782227e+00,-7.418583631515502930e-01,1.914063692092895508e-01,6.458484530448913574e-01,-1.105965375900268555e+00,1.108958840370178223e+00
9.019009768962860107e-03,7.445743680000305176e-01,8.856077194213867188e-01,1.730978846549987793e+00,2.685331344604492188e+00,5.006313800811767578e+00,6.793081283569335938e+00,8.376937866210937500e+00,9.358139991760253906e+00,1.170466995239257812e+01,1.371265888214111328e+01,1.404364204406738281e+01,1.465793037414550781e+01,1.356090450286865234e+01,1.344889640808105469e+01,1.204365634918212891e+01,1.210744762420654297e+01,9.943303108215332031e+00,9.005090713500976562e+00,7.892057895660400391e+00,6.691328048706054688e+00,6.338678359985351562e+00,5.578210830688476562e+00,4.417045116424560547e+00,4.118113040924072266e+00,2.181259632110595703e+00,1.725832581520080566e+00,1.291194319725036621e+00,1.210185527801513672e+00,1.124154210090637207e+00,5.705174207687377930e-01,4.816804528236389160e-01,4.942955672740936279e-01,-2.771490514278411865e-01,-2.085802853107452393e-01,7.708300948143005371e-01,4.260900020599365234e-01,4.408290684223175049e-01,5.367991328239440918e-01,-4.135553836822509766e-01,1.661356091499328613e-01,-2.842247486114501953e-01,-4.682990014553070068e-01,-2.426191791892051697e-02,5.633427947759628296e-02,2.138334363698959351e-01,2.146694064140319824e-01,-7.642692327499389648e-02
-1.021224260330200195e+00,6.073678493499755859e+00,4.042203903198242188e+00,1.502194690704345703e+01,3.265205383300781250e+01,5.068173599243164062e+01,7.340769958496093750e+01,9.249014282226562500e+01,1.094810485839843750e+02,1.292726593017578125e+02,1.430622711181640625e+02,1.483920898437500000e+02,1.520222778320312500e+02,1.517353973388671875e+02,1.534853363037109375e+02,1.438638305664062500e+02,1.372092590332031250e+02,1.258801193237304688e+02,1.132239608764648438e+02,1.030987854003906250e+02,8.932709503173828125e+01,7.935644531250000000e+01,6.938867187500000000e+01,6.489968872070312500e+01,5.568404769897460938e+01,4.003984832763671875e+01,2.856145858764648438e+01,1.956289100646972656e+01,1.554638004302978516e+01,1.832072639465332031e+01,1.351355266571044922e+01,1.206980323791503906e+01,9.624783515930175781e+00,3.094322204589843750e+00,1.355000257492065430e+00,5.909718036651611328e+00,3.535558700561523438e+00,4.704636096954345703e+00,4.647180557250976562e+00,-1.322964429855346680e+00,-2.794236421585083008e+00,-2.084072589874267578e+00,-3.035498380661010742e+00,-1.944664001464843750e+00,1.112011596560478210e-01,1.428303599357604980e+00,-3.394356012344360352e+00,3.365865468978881836e+00
-5.340565741062164307e-02,1.680689215660095215e+00,1.360403418540954590e+00,3.995670795440673828e+00,7.654958724975585938e+00,1.274354839324951172e+01,1.804575347900390625e+01,2.256355476379394531e+01,2.624021148681640625e+01,3.171300888061523438e+01,3.557086563110351562e+01,3.679679107666015625e+01,3.791743850708007812e+01,3.695547866821289062e+01,3.706573104858398438e+01,3.434902191162109375e+01,3.308523178100585938e+01,2.957092475891113281e+01,2.653182220458984375e+01,2.390638160705566406e+01,2.058821105957031250e+01,1.848025512695312500e+01,1.613530158996582031e+01,1.449464893341064453e+01,1.262522029876708984e+01,8.339023590087890625e+00,6.014994621276855469e+00,4.428903102874755859e+00,3.577396631240844727e+00,3.860872507095336914e+00,2.588968038558959961e+00,2.437667846679687500e+00,2.026196956634521484e+00,3.954194188117980957e-01,3.470783680677413940e-02,1.488133668899536133e+00,8.766359090805053711e-01,1.108494043350219727e+00,1.131405234336853027e+00,-6.210114955902099609e-01,-5.021833181381225586e-01,-5.404381752014160156e-01,-1.017817735671997070e+00,-3.881475031375885010e-01,1.635038852691650391e-01,4.351501464843750000e-01,-4.246199131011962891e-01,5.397280454635620117e-01
-5.365903377532958984e-01,3.907188892364501953e+00,2.795665979385375977e+00,9.787913322448730469e+00,2.043827438354492188e+01,3.231122970581054688e+01,4.656933593750000000e+01,5.855226898193359375e+01,6.908412933349609375e+01,8.202122497558593750e+01,9.090785217285156250e+01,9.437266540527343750e+01,9.673898315429687500e+01,9.614508056640625000e+01,9.699105072021484375e+01,9.080237579345703125e+01,8.654828643798828125e+01,7.917925262451171875e+01,7.110289001464843750e+01,6.462483978271484375e+01,5.591123199462890625e+01,4.972615051269531250e+01,4.331870651245117188e+01,4.024998474121093750e+01,3.457078170776367188e+01,2.443856239318847656e+01,1.745237731933593750e+01,1.222692775726318359e+01,9.728300094604492188e+00,1.108280467987060547e+01,8.015270233154296875e+00,7.287796974182128906e+00,5.832951068878173828e+00,1.765719175338745117e+00,5.481143593788146973e-01,3.542308330535888672e+00,2.142040252685546875e+00,2.834640264511108398e+00,2.796334743499755859e+00,-9.887490272521972656e-01,-1.806232810020446777e+00,-1.344700455665588379e+00,-2.137412309646606445e+00,-1.252738118171691895e+00,1.941667795181274414e-01,9.712539315223693848e-01,-2.084118843078613281e+00,2.035046577453613281e+00
-9.531201124191284180e-01,5.712748527526855469e+00,3.858289003372192383e+00,1.427924919128417969e+01,3.073777961730957031e+01,4.786808013916015625e+01,6.932340240478515625e+01,8.729946136474609375e+01,1.033455200195312500e+02,1.221134643554687500e+02,1.350497283935546875e+02,1.402026367187500000e+02,1.436034851074218750e+02,1.433181152343750000e+02,1.448886108398437500e+02,1.358848266601562500e+02,1.294091949462890625e+02,1.188421859741210938e+02,1.068559646606445312e+02,9.730853271484375000e+01,8.428769683837890625e+01,7.485649108886718750e+01,6.532814025878906250e+01,6.112071609497070312e+01,5.238259124755859375e+01,3.760943222045898438e+01,2.681684684753417969e+01,1.847365188598632812e+01,1.466333580017089844e+01,1.710639953613281250e+01,1.260556221008300781e+01,1.130902290344238281e+01,8.984727859497070312e+00,2.890208721160888672e+00,1.131400823593139648e+00,5.393349647521972656e+00,3.241667985916137695e+00,4.353730678558349609e+00,4.270913124084472656e+00,-1.244760513305664062e+00,-2.735725164413452148e+00,-1.983536839485168457e+00,-2.948512792587280273e+00,-1.886414885520935059e+00,1.581782102584838867e-01,1.377106785774230957e+00,-3.311553239822387695e+00,3.212292194366455078e+00
-7.108740508556365967e-03,5.314202308654785156e-01,7.454670071601867676e-01,1.295643448829650879e+00,1.762982368469238281e+00,3.545833349227905273e+00,4.742572307586669922e+00,5.765450477600097656e+00,6.416303634643554688e+00,8.141347885131835938e+00,9.643216133117675781e+00,9.906093597412109375e+00,1.038748836517333984e+01,9.428417205810546875e+00,9.287642478942871094e+00,8.191331863403320312e+00,8.308199882507324219e+00,6.636286735534667969e+00,6.051552295684814453e+00,5.208510875701904297e+00,4.394800662994384766e+00,4.272689819335937500e+00,3.703845024108886719e+00,2.742536067962646484e+00,2.645538091659545898e+00,1.237492680549621582e+00,1.016985058784484863e+00,8.121502399444580078e-01,8.049750924110412598e-01,6.449521780014038086e-01,2.350769042968750000e-01,1.954482346773147583e-01,2.454319894313812256e-01,-3.523447215557098389e-01,-2.547508478164672852e-01,5.365406274795532227e-01,3.225487768650054932e-01,3.110003173351287842e-01,3.571180701255798340e-01,-3.469797968864440918e-01,1.737093031406402588e-01,-2.199181914329528809e-01,-3.688672780990600586e-01,4.797834903001785278e-03,3.893204778432846069e-02,1.881856471300125122e-01,1.654776930809020996e-01,-7.689603418111801147e-02
-3.477966785430908203e-01,3.001649379730224609e+00,2.178189992904663086e+00,7.367078781127929688e+00,1.515334606170654297e+01,2.418041419982910156e+01,3.476533889770507812e+01,4.364295578002929688e+01,5.136687469482421875e+01,6.115754699707031250e+01,6.795430755615234375e+01,7.048061370849609375e+01,7.232595062255859375e+01,7.158452606201171875e+01,7.216762542724609375e+01,6.743079376220703125e+01,6.444717407226562500e+01,5.865586471557617188e+01,5.271250915527343750e+01,4.783294296264648438e+01,4.136458587646484375e+01,3.685935211181640625e+01,3.215755462646484375e+01,2.968993377685546875e+01,2.557815551757812500e+01,1.784569931030273438e+01,1.277961158752441406e+01,9.025211334228515625e+00,7.193798065185546875e+00,8.160824775695800781e+00,5.843317508697509766e+00,5.335801124572753906e+00,4.304156780242919922e+00,1.203167557716369629e+00,3.795138001441955566e-01,2.743706226348876953e+00,1.626724362373352051e+00,2.163926362991333008e+00,2.135162115097045898e+00,-8.219612836837768555e-01,-1.256474137306213379e+00,-1.006902098655700684e+00,-1.659548997879028320e+00,-8.831146955490112305e-01,1.717673540115356445e-01,7.501078248023986816e-01,-1.371338129043579102e+00,1.415261745452880859e+00
-3.065002858638763428e-01,2.713581085205078125e+00,1.965959787368774414e+00,6.588118076324462891e+00,1.354004669189453125e+01,2.162211036682128906e+01,3.108789825439453125e+01,3.899508666992187500e+01,4.586680603027343750e+01,5.461885452270507812e+01,6.076244354248046875e+01,6.297138214111328125e+01,6.463677215576171875e+01,6.388361740112304688e+01,6.442861938476562500e+01,6.016252899169921875e+01,5.759955596923828125e+01,5.230537796020507812e+01,4.705476379394531250e+01,4.266519546508789062e+01,3.691659545898437500e+01,3.293054962158203125e+01,2.877958679199218750e+01,2.651272010803222656e+01,2.288175201416015625e+01,1.590672492980957031e+01,1.140694618225097656e+01,8.053097724914550781e+00,6.423287391662597656e+00,7.327557086944580078e+00,5.245385646820068359e+00,4.785441875457763672e+00,3.869643688201904297e+00,1.039712667465209961e+00,3.764443993568420410e-01,2.540675640106201172e+00,1.471296548843383789e+00,1.987659454345703125e+00,1.953828811645507812e+00,-7.519903182983398438e-01,-1.070067882537841797e+00,-9.059969186782836914e-01,-1.479477167129516602e+00,-7.585932016372680664e-01,1.527757644653320312e-01,6.680648326873779297e-01,-1.131663441658020020e+00,1.221906065940856934e+00
2.830357849597930908e-02,8.660005331039428711e-01,9.678648114204406738e-01,2.034081220626831055e+00,3.298258543014526367e+00,5.967995166778564453e+00,8.213481903076171875e+00,1.015085220336914062e+01,1.139150905609130859e+01,1.421648216247558594e+01,1.644734191894531250e+01,1.692127418518066406e+01,1.760400390625000000e+01,1.649522018432617188e+01,1.635459136962890625e+01,1.479780864715576172e+01,1.467734813690185547e+01,1.232975101470947266e+01,1.112454509735107422e+01,9.816970825195312500e+00,8.348768234252929688e+00,7.756600856781005859e+00,6.810883522033691406e+00,5.564413547515869141e+00,5.091336250305175781e+00,2.837480068206787109e+00,2.186483621597290039e+00,1.660011887550354004e+00,1.465975284576416016e+00,1.377825260162353516e+00,7.421925067901611328e-01,6.702329516410827637e-01,6.675783395767211914e-01,-1.865648627281188965e-01,-2.177997529506683350e-01,8.400047421455383301e-01,4.581781923770904541e-01,5.158970952033996582e-01,5.972286462783813477e-01,-4.442557096481323242e-01,7.368550449609756470e-02,-2.984274327754974365e-01,-5.727255344390869141e-01,-7.113088667392730713e-02,7.739614695310592651e-02,2.513264119625091553e-01,1.136019006371498108e-01,2.872222103178501129e-04
2.264422178268432617e-02,7.799966335296630859e-01,9.034266471862792969e-01,1.836241006851196289e+00,2.902979612350463867e+00,5.336731433868408203e+00,7.302797317504882812e+00,9.009395599365234375e+00,1.008598327636718750e+01,1.261391067504882812e+01,1.466500854492187500e+01,1.506177902221679688e+01,1.569225597381591797e+01,1.461634254455566406e+01,1.448423576354980469e+01,1.304968357086181641e+01,1.301445102691650391e+01,1.082275772094726562e+01,9.784713745117187500e+00,8.602756500244140625e+00,7.315268039703369141e+00,6.842939853668212891e+00,6.014527797698974609e+00,4.837110519409179688e+00,4.471339702606201172e+00,2.434165000915527344e+00,1.890906453132629395e+00,1.438376307487487793e+00,1.293210029602050781e+00,1.201247453689575195e+00,6.233791112899780273e-01,5.505480766296386719e-01,5.608870983123779297e-01,-2.279742658138275146e-01,-2.122648060321807861e-01,7.735607028007507324e-01,4.312660396099090576e-01,4.657321572303771973e-01,5.523849725723266602e-01,-4.192649722099304199e-01,1.133394017815589905e-01,-2.810817360877990723e-01,-5.169076323509216309e-01,-4.897057637572288513e-02,7.254757732152938843e-02,2.335538268089294434e-01,1.515083611011505127e-01,-3.269601985812187195e-02
-5.232688188552856445e-01,3.690938711166381836e+00,2.569651603698730469e+00,9.072319984436035156e+00,1.917073059082031250e+01,3.016150283813476562e+01,4.353483963012695312e+01,5.471732711791992188e+01,6.460004425048828125e+01,7.652268218994140625e+01,8.491547393798828125e+01,8.802991485595703125e+01,9.025026702880859375e+01,8.966066741943359375e+01,9.058163452148437500e+01,8.476745605468750000e+01,8.101985931396484375e+01,7.396698760986328125e+01,6.654810333251953125e+01,6.046784210205078125e+01,5.239123153686523438e+01,4.663184356689453125e+01,4.077072906494140625e+01,3.785778045654296875e+01,3.259361648559570312e+01,2.304861068725585938e+01,1.649818801879882812e+01,1.147616291046142578e+01,9.129130363464355469e+00,1.061357879638671875e+01,7.711958408355712891e+00,6.970200061798095703e+00,5.606795787811279297e+00,1.639599204063415527e+00,6.923534274101257324e-01,3.553754329681396484e+00,2.079483270645141602e+00,2.795788049697875977e+00,2.751285791397094727e+00,-9.149386882781982422e-01,-1.591844558715820312e+00,-1.250600695610046387e+00,-1.918005704879760742e+00,-1.106157898902893066e+00,1.442691087722778320e-01,8.858805298805236816e-01,-1.784810304641723633e+00,1.850810408592224121e+00
3.571487963199615479e-02,1.218682289123535156e+00,1.133480787277221680e+00,2.869874477386474609e+00,5.128763198852539062e+00,8.845024108886718750e+00,1.233608245849609375e+01,1.536921691894531250e+01,1.755577659606933594e+01,2.160519218444824219e+01,2.453214073181152344e+01,2.535680580139160156e+01,2.623098182678222656e+01,2.509926223754882812e+01,2.502204513549804688e+01,2.299752616882324219e+01,2.237550544738769531e+01,1.949463462829589844e+01,1.752849006652832031e+01,1.564573287963867188e+01,1.338313102722167969e+01,1.214957046508789062e+01,1.061544513702392578e+01,9.184021949768066406e+00,8.153161048889160156e+00,5.007516860961914062e+00,3.679232597351074219e+00,2.796949625015258789e+00,2.320983409881591797e+00,2.343756198883056641e+00,1.432314753532409668e+00,1.360509276390075684e+00,1.194211721420288086e+00,3.862660005688667297e-02,-1.275209784507751465e-01,1.114713907241821289e+00,5.986024141311645508e-01,7.362669706344604492e-01,8.017718791961669922e-01,-5.473299026489257812e-01,-1.878861486911773682e-01,-3.940141201019287109e-01,-7.870104312896728516e-01,-2.061309814453125000e-01,1.385712027549743652e-01,3.146463930606842041e-01,-6.412937492132186890e-02,2.067289799451828003e-01
4.113022983074188232e-02,1.108802795410156250e+00,1.038203358650207520e+00,2.605345726013183594e+00,4.610944271087646484e+00,7.992261886596679688e+00,1.113328170776367188e+01,1.385283374786376953e+01,1.580704402923583984e+01,1.946532821655273438e+01,2.213440895080566406e+01,2.286585235595703125e+01,2.367474365234375000e+01,2.259415626525878906e+01,2.252808380126953125e+01,2.067510986328125000e+01,2.015898895263671875e+01,1.750127601623535156e+01,1.575049400329589844e+01,1.405180740356445312e+01,1.202604675292968750e+01,1.092331886291503906e+01,9.556689262390136719e+00,8.237270355224609375e+00,7.336485862731933594e+00,4.468329906463623047e+00,3.283013105392456055e+00,2.505872488021850586e+00,2.086699962615966797e+00,2.101932764053344727e+00,1.281312465667724609e+00,1.215779423713684082e+00,1.062516570091247559e+00,7.343929260969161987e-03,-1.145924702286720276e-01,1.027447938919067383e+00,5.482385158538818359e-01,6.750278472900390625e-01,7.374799847602844238e-01,-5.017125606536865234e-01,-1.390694677829742432e-01,-3.616888523101806641e-01,-7.138645648956298828e-01,-1.742563098669052124e-01,1.296294629573822021e-01,2.953160107135772705e-01,-2.063079923391342163e-02,1.581109613180160522e-01
3.902089595794677734e-02,1.123815298080444336e+00,1.039540290832519531e+00,2.643524646759033203e+00,4.707113265991210938e+00,8.135626792907714844e+00,1.134052753448486328e+01,1.411358928680419922e+01,1.612817573547363281e+01,1.983167076110839844e+01,2.253318786621093750e+01,2.327717399597167969e+01,2.409257888793945312e+01,2.301843452453613281e+01,2.296739768981933594e+01,2.109347343444824219e+01,2.055607223510742188e+01,1.787801361083984375e+01,1.609227561950683594e+01,1.436454010009765625e+01,1.229796600341796875e+01,1.116297626495361328e+01,9.768780708312988281e+00,8.447990417480468750e+00,7.511589527130126953e+00,4.604396820068359375e+00,3.374927043914794922e+00,2.570810079574584961e+00,2.133778572082519531e+00,2.166497707366943359e+00,1.333544969558715820e+00,1.262424945831298828e+00,1.096059441566467285e+00,2.375628426671028137e-02,-1.015441790223121643e-01,1.044938087463378906e+00,5.550140142440795898e-01,6.907294988632202148e-01,7.517746686935424805e-01,-4.998763203620910645e-01,-1.548452675342559814e-01,-3.693311214447021484e-01,-7.179273366928100586e-01,-1.828291267156600952e-01,1.354066729545593262e-01,2.961744368076324463e-01,-2.833219617605209351e-02,1.694189757108688354e-01
3.042563796043395996e-02,1.277920484542846680e+00,1.197076439857482910e+00,3.032756090164184570e+00,5.438457012176513672e+00,9.353150367736816406e+00,1.305570507049560547e+01,1.627761650085449219e+01,1.861476325988769531e+01,2.291301727294921875e+01,2.597239494323730469e+01,2.686591529846191406e+01,2.777458190917968750e+01,2.663364028930664062e+01,2.654187393188476562e+01,2.441810798645019531e+01,2.369944190979003906e+01,2.072205924987792969e+01,1.860403633117675781e+01,1.660613822937011719e+01,1.420552730560302734e+01,1.288402080535888672e+01,1.123236846923828125e+01,9.739870071411132812e+00,8.626955986022949219e+00,5.331817626953125000e+00,3.907985925674438477e+00,2.973062753677368164e+00,2.460048437118530273e+00,2.470136880874633789e+00,1.502486944198608398e+00,1.445880651473999023e+00,1.268342852592468262e+00,6.407633423805236816e-02,-1.445396542549133301e-01,1.141373157501220703e+00,6.218012571334838867e-01,7.625586986541748047e-01,8.263978958129882812e-01,-5.778146982192993164e-01,-2.303858101367950439e-01,-4.112531542778015137e-01,-8.397735357284545898e-01,-2.291695624589920044e-01,1.382073163986206055e-01,3.276936411857604980e-01,-1.217322871088981628e-01,2.541172802448272705e-01
3.014674782752990723e-02,8.434832692146301270e-01,9.403395056724548340e-01,1.977740883827209473e+00,3.200396299362182617e+00,5.798334121704101562e+00,7.976066112518310547e+00,9.856484413146972656e+00,1.106301784515380859e+01,1.380052471160888672e+01,1.597105884552001953e+01,1.642437553405761719e+01,1.709088134765625000e+01,1.600387382507324219e+01,1.587264156341552734e+01,1.435315990447998047e+01,1.424865150451660156e+01,1.195571804046630859e+01,1.079178047180175781e+01,9.522806167602539062e+00,8.103380203247070312e+00,7.530261993408203125e+00,6.615185737609863281e+00,5.401381492614746094e+00,4.946996688842773438e+00,2.756848335266113281e+00,2.119079351425170898e+00,1.610559105873107910e+00,1.422537326812744141e+00,1.341077566146850586e+00,7.232974767684936523e-01,6.522458791732788086e-01,6.448559165000915527e-01,-1.873641312122344971e-01,-2.066526412963867188e-01,8.218228220939636230e-01,4.505380094051361084e-01,5.047101974487304688e-01,5.860716104507446289e-01,-4.348194599151611328e-01,7.890472561120986938e-02,-2.948636114597320557e-01,-5.568441152572631836e-01,-6.789867579936981201e-02,7.720728963613510132e-02,2.485290616750717163e-01,1.219044253230094910e-01,-5.911213811486959457e-03
-5.909067392349243164e-01,4.242465019226074219e+00,3.076638936996459961e+00,1.076688194274902344e+01,2.248350524902343750e+01,3.552755737304687500e+01,5.114818191528320312e+01,6.437519073486328125e+01,7.593966674804687500e+01,9.019114685058593750e+01,9.991935729980468750e+01,1.037481918334960938e+02,1.063339157104492188e+02,1.057754516601562500e+02,1.066501617431640625e+02,9.984910583496093750e+01,9.509599304199218750e+01,8.710893249511718750e+01,7.812571716308593750e+01,7.101953887939453125e+01,6.140772247314453125e+01,5.459684753417968750e+01,4.751242065429687500e+01,4.417774581909179688e+01,3.791721725463867188e+01,2.687256622314453125e+01,1.916651153564453125e+01,1.341623878479003906e+01,1.069016361236572266e+01,1.211803150177001953e+01,8.737386703491210938e+00,7.948296070098876953e+00,6.361734867095947266e+00,1.968948006629943848e+00,5.504367947578430176e-01,3.789204597473144531e+00,2.351263761520385742e+00,3.038502931594848633e+00,3.024729967117309570e+00,-1.089081764221191406e+00,-2.020078420639038086e+00,-1.478057265281677246e+00,-2.345986604690551758e+00,-1.406872868537902832e+00,2.127405405044555664e-01,1.052777171134948730e+00,-2.377083301544189453e+00,2.260282993316650391e+00
-7.776467800140380859e-01,5.038663864135742188e+00,3.611159563064575195e+00,1.290753459930419922e+01,2.709357261657714844e+01,4.261725234985351562e+01,6.153179931640625000e+01,7.743920135498046875e+01,9.151803588867187500e+01,1.085147247314453125e+02,1.199982452392578125e+02,1.247311706542968750e+02,1.277595748901367188e+02,1.273305816650390625e+02,1.284739379882812500e+02,1.204784622192382812e+02,1.144925155639648438e+02,1.051896286010742188e+02,9.438713836669921875e+01,8.590498352050781250e+01,7.429924011230468750e+01,6.600000762939453125e+01,5.736672210693359375e+01,5.356234741210937500e+01,4.584971618652343750e+01,3.271485900878906250e+01,2.330842018127441406e+01,1.625894737243652344e+01,1.292378520965576172e+01,1.467494487762451172e+01,1.068138504028320312e+01,9.671714782714843750e+00,7.673256397247314453e+00,2.449239730834960938e+00,6.478198170661926270e-01,4.429288864135742188e+00,2.747855901718139648e+00,3.627182006835937500e+00,3.573309898376464844e+00,-1.191473960876464844e+00,-2.536661863327026367e+00,-1.795800328254699707e+00,-2.799947500228881836e+00,-1.757996678352355957e+00,2.467930316925048828e-01,1.272892832756042480e+00,-3.054793119430541992e+00,2.846139192581176758e+00
-6.129758358001708984e-01,4.362473487854003906e+00,3.171272277832031250e+00,1.116808509826660156e+01,2.323525428771972656e+01,3.676443099975585938e+01,5.294610977172851562e+01,6.664108276367187500e+01,7.867922973632812500e+01,9.346388244628906250e+01,1.033837661743164062e+02,1.074653091430664062e+02,1.101259384155273438e+02,1.096313171386718750e+02,1.105023040771484375e+02,1.035490112304687500e+02,9.839781951904296875e+01,9.032287597656250000e+01,8.097110748291015625e+01,7.366356658935546875e+01,6.366937255859375000e+01,5.655540084838867188e+01,4.911518096923828125e+01,4.575195693969726562e+01,3.918165206909179688e+01,2.782924270629882812e+01,1.981001091003417969e+01,1.391895198822021484e+01,1.107563686370849609e+01,1.243685054779052734e+01,8.989845275878906250e+00,8.197775840759277344e+00,6.510636806488037109e+00,2.063468456268310547e+00,4.704204201698303223e-01,3.746228694915771484e+00,2.362406253814697266e+00,3.063937425613403320e+00,3.033041000366210938e+00,-1.100959539413452148e+00,-2.189433813095092773e+00,-1.546445965766906738e+00,-2.478419780731201172e+00,-1.517958521842956543e+00,2.436798810958862305e-01,1.121352434158325195e+00,-2.616276979446411133e+00,2.421391248703002930e+00
-4.841892123222351074e-01,3.428238153457641602e+00,2.250621557235717773e+00,7.938789367675781250e+00,1.735403823852539062e+01,2.698788642883300781e+01,3.900130844116210938e+01,4.902389526367187500e+01,5.781740951538085938e+01,6.823258209228515625e+01,7.613483428955078125e+01,7.853157806396484375e+01,8.060400390625000000e+01,7.989717102050781250e+01,8.096974945068359375e+01,7.551126861572265625e+01,7.288921356201171875e+01,6.598046112060546875e+01,5.959298706054687500e+01,5.404206466674804688e+01,4.694087219238281250e+01,4.191490173339843750e+01,3.705074310302734375e+01,3.422837448120117188e+01,2.971835708618164062e+01,2.097462463378906250e+01,1.511473369598388672e+01,1.026869201660156250e+01,8.206013679504394531e+00,1.006670475006103516e+01,7.328685760498046875e+00,6.507116317749023438e+00,5.357301712036132812e+00,1.440415859222412109e+00,1.056804895401000977e+00,3.849250793457031250e+00,2.130453348159790039e+00,2.852148771286010742e+00,2.852744340896606445e+00,-8.548365831375122070e-01,-1.102497458457946777e+00,-1.079801440238952637e+00,-1.506716012954711914e+00,-7.866120934486389160e-01,1.963638514280319214e-02,7.157537341117858887e-01,-1.111445188522338867e+00,1.464936017990112305e+00
-5.652009248733520508e-01,3.932610034942626953e+00,2.741080999374389648e+00,9.665327072143554688e+00,2.048821258544921875e+01,3.216738891601562500e+01,4.644221878051757812e+01,5.838943099975585938e+01,6.892630004882812500e+01,8.162421417236328125e+01,9.060897827148437500e+01,9.389687347412109375e+01,9.625565338134765625e+01,9.566114807128906250e+01,9.666021728515625000e+01,9.043315887451171875e+01,8.648497772216796875e+01,7.894767761230468750e+01,7.101795959472656250e+01,6.452111053466796875e+01,5.590479278564453125e+01,4.977360534667968750e+01,4.353746032714843750e+01,4.043230056762695312e+01,3.482648849487304688e+01,2.465713119506835938e+01,1.765734100341796875e+01,1.224274158477783203e+01,9.743359565734863281e+00,1.137426662445068359e+01,8.256271362304687500e+00,7.448633193969726562e+00,6.009887218475341797e+00,1.769327163696289062e+00,7.704008221626281738e-01,3.829283714294433594e+00,2.245116472244262695e+00,2.997746944427490234e+00,2.963109970092773438e+00,-9.780068397521972656e-01,-1.682458043098449707e+00,-1.326388955116271973e+00,-2.018233060836791992e+00,-1.171098351478576660e+00,1.377793550491333008e-01,9.301112294197082520e-01,-1.886735916137695312e+00,1.974161267280578613e+00
-3.602966666221618652e-02,1.696655631065368652e+00,1.410230040550231934e+00,4.063394069671630859e+00,7.672970294952392578e+00,1.287588310241699219e+01,1.817012405395507812e+01,2.272069740295410156e+01,2.634185981750488281e+01,3.196632003784179688e+01,3.590358734130859375e+01,3.716180801391601562e+01,3.830311965942382812e+01,3.726874160766601562e+01,3.730684280395507812e+01,3.453829956054687500e+01,3.326202774047851562e+01,2.967849349975585938e+01,2.659113311767578125e+01,2.392256355285644531e+01,2.055906486511230469e+01,1.847658157348632812e+01,1.609721946716308594e+01,1.439513492584228516e+01,1.255524635314941406e+01,8.204640388488769531e+00,5.927746295928955078e+00,4.407033920288085938e+00,3.568183898925781250e+00,3.777743101119995117e+00,2.484573364257812500e+00,2.368734836578369141e+00,1.979789257049560547e+00,3.766410946846008301e-01,-3.487271815538406372e-02,1.461851358413696289e+00,8.635551929473876953e-01,1.070475697517395020e+00,1.112223505973815918e+00,-6.466358900070190430e-01,-5.089408755302429199e-01,-5.361682176589965820e-01,-1.055058598518371582e+00,-3.888920843601226807e-01,1.810517311096191406e-01,4.314592778682708740e-01,-4.292004406452178955e-01,5.201754570007324219e-01
-1.248444080352783203e+00,7.297062873840332031e+00,3.952636957168579102e+00,1.584505176544189453e+01,3.781960296630859375e+01,5.704802703857421875e+01,8.297482299804687500e+01,1.048002014160156250e+02,1.242083129882812500e+02,1.454443206787109375e+02,1.619529113769531250e+02,1.667388458251953125e+02,1.712736511230468750e+02,1.708709411621093750e+02,1.738586730957031250e+02,1.622835845947265625e+02,1.568283233642578125e+02,1.424424133300781250e+02,1.289420623779296875e+02,1.173552551269531250e+02,1.019988784790039062e+02,9.088250732421875000e+01,8.089524841308593750e+01,7.551342773437500000e+01,6.537322998046875000e+01,4.750378417968750000e+01,3.399736785888671875e+01,2.221027946472167969e+01,1.779302978515625000e+01,2.296476745605468750e+01,1.731354141235351562e+01,1.504528999328613281e+01,1.216519451141357422e+01,3.929284572601318359e+00,3.275186300277709961e+00,9.041772842407226562e+00,4.999304294586181641e+00,6.606912612915039062e+00,6.568596839904785156e+00,-1.372641086578369141e+00,-2.137318611145019531e+00,-2.131155490875244141e+00,-2.554316282272338867e+00,-1.562960028648376465e+00,-4.568632841110229492e-01,1.368392825126647949e+00,-2.577220916748046875e+00,3.416809082031250000e+00
-2.285543680191040039e-01,2.487939596176147461e+00,1.868217825889587402e+00,6.066872596740722656e+00,1.222778034210205078e+01,1.974443244934082031e+01,2.826537322998046875e+01,3.545135879516601562e+01,4.158561325073242188e+01,4.972498321533203125e+01,5.538530349731445312e+01,5.741039276123046875e+01,5.897731781005859375e+01,5.814167404174804688e+01,5.851624679565429688e+01,5.455603790283203125e+01,5.223413085937500000e+01,4.733032989501953125e+01,4.250022506713867188e+01,3.849317169189453125e+01,3.324377059936523438e+01,2.967527961730957031e+01,2.588124465942382812e+01,2.372936820983886719e+01,2.049554061889648438e+01,1.409460067749023438e+01,1.011238765716552734e+01,7.228119373321533203e+00,5.779702663421630859e+00,6.454040527343750000e+00,4.542180061340332031e+00,4.184670448303222656e+00,3.400930404663085938e+00,8.877226114273071289e-01,2.254925370216369629e-01,2.234473228454589844e+00,1.330361485481262207e+00,1.742328405380249023e+00,1.729773879051208496e+00,-7.515401840209960938e-01,-9.691700935363769531e-01,-8.227401971817016602e-01,-1.417981147766113281e+00,-6.938886046409606934e-01,1.749368906021118164e-01,6.295471787452697754e-01,-1.012102365493774414e+00,1.072176933288574219e+00
2.536782622337341309e-02,1.292729854583740234e+00,1.196603059768676758e+00,3.074351787567138672e+00,5.535500526428222656e+00,9.500051498413085938e+00,1.327565193176269531e+01,1.655434799194335938e+01,1.896091842651367188e+01,2.330662918090820312e+01,2.638819885253906250e+01,2.730299758911132812e+01,2.821678924560546875e+01,2.709903335571289062e+01,2.701378250122070312e+01,2.487095832824707031e+01,2.411307525634765625e+01,2.113372230529785156e+01,1.896833229064941406e+01,1.694474411010742188e+01,1.450108528137207031e+01,1.313520717620849609e+01,1.144433593750000000e+01,9.960285186767578125e+00,8.804798126220703125e+00,5.470143318176269531e+00,4.003945350646972656e+00,3.043615102767944336e+00,2.511557579040527344e+00,2.529907464981079102e+00,1.550770163536071777e+00,1.494814395904541016e+00,1.302155971527099609e+00,8.698481321334838867e-02,-1.376934647560119629e-01,1.145798802375793457e+00,6.297367811203002930e-01,7.759992480278015137e-01,8.339595794677734375e-01,-5.744600892066955566e-01,-2.532869279384613037e-01,-4.105328917503356934e-01,-8.456181287765502930e-01,-2.380228489637374878e-01,1.437843143939971924e-01,3.345254659652709961e-01,-1.498803496360778809e-01,2.732759416103363037e-01
1.810871064662933350e-03,6.590402126312255859e-01,8.284556865692138672e-01,1.555654644966125488e+00,2.319788694381713867e+00,4.423985004425048828e+00,5.973274707794189453e+00,7.336387634277343750e+00,8.182024002075195312e+00,1.027893447875976562e+01,1.207732105255126953e+01,1.238400936126708984e+01,1.294303798675537109e+01,1.189651489257812500e+01,1.177973842620849609e+01,1.051207828521728516e+01,1.059195423126220703e+01,8.623210906982421875e+00,7.824380397796630859e+00,6.829874515533447266e+00,5.778954505920410156e+00,5.513913631439208984e+00,4.831355094909667969e+00,3.754434823989868164e+00,3.535625219345092773e+00,1.806937456130981445e+00,1.450144171714782715e+00,1.099183678627014160e+00,1.051710009574890137e+00,9.383318424224853516e-01,4.397763907909393311e-01,3.697660565376281738e-01,3.929032385349273682e-01,-3.007795214653015137e-01,-2.253663390874862671e-01,6.795849204063415527e-01,3.836163580417633057e-01,3.886147439479827881e-01,4.702029824256896973e-01,-3.829483985900878906e-01,1.720078289508819580e-01,-2.549339532852172852e-01,-4.274022579193115234e-01,-1.233984157443046570e-02,5.175822228193283081e-02,2.044301778078079224e-01,1.964906454086303711e-01,-7.822777330875396729e-02
-8.794909715652465820e-01,5.473331451416015625e+00,3.895471334457397461e+00,1.405146598815917969e+01,2.970342636108398438e+01,4.655744552612304688e+01,6.724923706054687500e+01,8.469625091552734375e+01,1.001710510253906250e+02,1.186337432861328125e+02,1.311217651367187500e+02,1.362617034912109375e+02,1.395359039306640625e+02,1.392373809814453125e+02,1.405427551269531250e+02,1.318241424560546875e+02,1.252629776000976562e+02,1.152057266235351562e+02,1.033552780151367188e+02,9.410219573974609375e+01,8.142355346679687500e+01,7.229957580566406250e+01,6.286461639404296875e+01,5.877077484130859375e+01,5.030390930175781250e+01,3.604127502441406250e+01,2.565727233886718750e+01,1.783373069763183594e+01,1.418263244628906250e+01,1.617061042785644531e+01,1.179408931732177734e+01,1.066704559326171875e+01,8.461527824401855469e+00,2.737141132354736328e+00,7.871945500373840332e-01,4.859188556671142578e+00,3.039563655853271484e+00,3.977868556976318359e+00,3.926513433456420898e+00,-1.285595893859863281e+00,-2.784382104873657227e+00,-1.965240120887756348e+00,-3.001248836517333984e+00,-1.931895613670349121e+00,2.357244491577148438e-01,1.371982812881469727e+00,-3.392775774002075195e+00,3.155055761337280273e+00
-8.601684123277664185e-03,5.214099287986755371e-01,7.445268034934997559e-01,1.276827931404113770e+00,1.703167915344238281e+00,3.464807987213134766e+00,4.629971504211425781e+00,5.615095138549804688e+00,6.244580268859863281e+00,7.939276218414306641e+00,9.421763420104980469e+00,9.682293891906738281e+00,1.015867328643798828e+01,9.198456764221191406e+00,9.053170204162597656e+00,7.965034484863281250e+00,8.091346740722656250e+00,6.435483932495117188e+00,5.875764846801757812e+00,5.045656681060791016e+00,4.252508163452148438e+00,4.150382995605468750e+00,3.591212272644042969e+00,2.634730815887451172e+00,2.552358388900756836e+00,1.169434547424316406e+00,9.704453945159912109e-01,7.815433740615844727e-01,7.815510630607604980e-01,6.131074428558349609e-01,2.083513438701629639e-01,1.712121963500976562e-01,2.297627627849578857e-01,-3.652178049087524414e-01,-2.628833055496215820e-01,5.253393054008483887e-01,3.201180696487426758e-01,3.054742813110351562e-01,3.453644514083862305e-01,-3.469146490097045898e-01,1.772066503763198853e-01,-2.178733050823211670e-01,-3.669869005680084229e-01,6.563026458024978638e-03,3.579910844564437866e-02,1.885755509138107300e-01,1.657316684722900391e-01,-7.856708019971847534e-02
-7.351867854595184326e-03,5.208859443664550781e-01,7.356095314025878906e-01,1.270400643348693848e+00,1.715418457984924316e+00,3.466122865676879883e+00,4.632312297821044922e+00,5.626530647277832031e+00,6.261685371398925781e+00,7.948528766632080078e+00,9.419023513793945312e+00,9.678349494934082031e+00,1.015150928497314453e+01,9.203743934631347656e+00,9.064219474792480469e+00,7.986081123352050781e+00,8.106463432312011719e+00,6.463582992553710938e+00,5.896599292755126953e+00,5.071409702301025391e+00,4.278694629669189453e+00,4.165765762329101562e+00,3.608749389648437500e+00,2.662343025207519531e+00,2.573169946670532227e+00,1.195175290107727051e+00,9.836298227310180664e-01,7.889360785484313965e-01,7.845764756202697754e-01,6.237906217575073242e-01,2.218605577945709229e-01,1.845600008964538574e-01,2.344047725200653076e-01,-3.522618710994720459e-01,-2.549465596675872803e-01,5.247284173965454102e-01,3.164594173431396484e-01,3.048712611198425293e-01,3.476617932319641113e-01,-3.427199721336364746e-01,1.724303513765335083e-01,-2.176550626754760742e-01,-3.633521199226379395e-01,5.757082253694534302e-03,3.795052319765090942e-02,1.857701838016510010e-01,1.632985472679138184e-01,-7.629422843456268311e-02
-1.082636237144470215e+00,6.401047706604003906e+00,4.117728710174560547e+00,1.553347206115722656e+01,3.433708190917968750e+01,5.301224899291992188e+01,7.683142089843750000e+01,9.684719085693359375e+01,1.146776123046875000e+02,1.352065734863281250e+02,1.497681121826171875e+02,1.551530914306640625e+02,1.590244445800781250e+02,1.587350463867187500e+02,1.607370300292968750e+02,1.505435791015625000e+02,1.439164428710937500e+02,1.318259429931640625e+02,1.186913375854492188e+02,1.080654144287109375e+02,9.368556976318359375e+01,8.325059509277343750e+01,7.302544403076171875e+01,6.829873657226562500e+01,5.868884658813476562e+01,4.229097366333007812e+01,3.018481826782226562e+01,2.050530815124511719e+01,1.630593490600585938e+01,1.955549621582031250e+01,1.447803974151611328e+01,1.286247158050537109e+01,1.029105281829833984e+01,3.319131851196289062e+00,1.710164785385131836e+00,6.550896644592285156e+00,3.862518310546875000e+00,5.127167701721191406e+00,5.073274135589599609e+00,-1.352114915847778320e+00,-2.763584375381469727e+00,-2.141005992889404297e+00,-3.023082971572875977e+00,-1.937643051147460938e+00,2.024304121732711792e-02,1.442816138267517090e+00,-3.368649959564208984e+00,3.466244935989379883e+00
-5.210213363170623779e-03,5.785918235778808594e-01,7.823804616928100586e-01,1.392950057983398438e+00,1.956758141517639160e+00,3.863559484481811523e+00,5.186681270599365234e+00,6.326794147491455078e+00,7.044713020324707031e+00,8.911243438720703125e+00,1.053075122833251953e+01,1.080920600891113281e+01,1.132031059265136719e+01,1.031963825225830078e+01,1.018264961242675781e+01,9.017047882080078125e+00,9.125359535217285156e+00,7.334707736968994141e+00,6.678736686706542969e+00,5.774186611175537109e+00,4.875070095062255859e+00,4.712377071380615234e+00,4.098349571228027344e+00,3.087786436080932617e+00,2.951095819473266602e+00,1.425692796707153320e+00,1.163510680198669434e+00,9.107040762901306152e-01,8.914994597434997559e-01,7.419775128364562988e-01,3.000513613224029541e-01,2.479974925518035889e-01,2.940964996814727783e-01,-3.415890634059906006e-01,-2.505382299423217773e-01,5.886136293411254883e-01,3.470353484153747559e-01,3.373708426952362061e-01,3.967996239662170410e-01,-3.638634681701660156e-01,1.761500090360641479e-01,-2.320539951324462891e-01,-3.923437595367431641e-01,-1.190703362226486206e-03,4.142913967370986938e-02,1.943227946758270264e-01,1.781325638294219971e-01,-7.827328890562057495e-02
-1.408395171165466309e-01,2.264644145965576172e+00,1.818782210350036621e+00,5.615180969238281250e+00,1.097288799285888672e+01,1.802115821838378906e+01,2.560584831237792969e+01,3.212118911743164062e+01,3.749166107177734375e+01,4.516292953491210938e+01,5.039052200317382812e+01,5.226144409179687500e+01,5.373711395263671875e+01,5.279291915893554688e+01,5.294590377807617188e+01,4.926055526733398438e+01,4.712511444091796875e+01,4.258304977416992188e+01,3.810310363769531250e+01,3.444398880004882812e+01,2.965130805969238281e+01,2.650258255004882812e+01,2.302260971069335938e+01,2.094189643859863281e+01,1.810847282409667969e+01,1.226222515106201172e+01,8.785762786865234375e+00,6.401723384857177734e+00,5.148869037628173828e+00,5.524197578430175781e+00,3.769586324691772461e+00,3.544613361358642578e+00,2.894990205764770508e+00,7.306993603706359863e-01,2.013819850981235504e-02,1.892065763473510742e+00,1.177085638046264648e+00,1.448919415473937988e+00,1.487663865089416504e+00,-7.748570442199707031e-01,-8.784083127975463867e-01,-7.484771013259887695e-01,-1.391160964965820312e+00,-6.437489986419677734e-01,2.034000158309936523e-01,5.861088633537292480e-01,-9.131169915199279785e-01,9.226774573326110840e-01
-8.153787851333618164e-01,5.162263393402099609e+00,3.655242681503295898e+00,1.315511417388916016e+01,2.778997993469238281e+01,4.359295272827148438e+01,6.297131347656250000e+01,7.928366851806640625e+01,9.373966979980468750e+01,1.110326538085937500e+02,1.227815246582031250e+02,1.275652084350585938e+02,1.306453704833984375e+02,1.302862243652343750e+02,1.315130004882812500e+02,1.233244552612304688e+02,1.172696456909179688e+02,1.077470169067382812e+02,9.670764923095703125e+01,8.802793121337890625e+01,7.617678070068359375e+01,6.766175079345703125e+01,5.886993789672851562e+01,5.498561477661132812e+01,4.709972381591796875e+01,3.367406845092773438e+01,2.399241638183593750e+01,1.668460845947265625e+01,1.326289749145507812e+01,1.515904903411865234e+01,1.105341148376464844e+01,9.999592781066894531e+00,7.948190212249755859e+00,2.538868427276611328e+00,7.667260766029357910e-01,4.624797821044921875e+00,2.859264612197875977e+00,3.767591714859008789e+00,3.717226743698120117e+00,-1.218680381774902344e+00,-2.577585458755493164e+00,-1.830105423927307129e+00,-2.812293291091918945e+00,-1.777801156044006348e+00,2.225596904754638672e-01,1.287166714668273926e+00,-3.099090337753295898e+00,2.917432785034179688e+00
-5.328536033630371094e-02,1.652745246887207031e+00,1.331811666488647461e+00,3.925004959106445312e+00,7.504426002502441406e+00,1.251272678375244141e+01,1.772592163085937500e+01,2.215116691589355469e+01,2.576470756530761719e+01,3.114497756958007812e+01,3.492878341674804688e+01,3.614516448974609375e+01,3.725007247924804688e+01,3.629138565063476562e+01,3.640267181396484375e+01,3.373900604248046875e+01,3.249297714233398438e+01,2.903837013244628906e+01,2.607143592834472656e+01,2.348889160156250000e+01,2.022954368591308594e+01,1.815261459350585938e+01,1.584803199768066406e+01,1.423561859130859375e+01,1.240149593353271484e+01,8.178642272949218750e+00,5.900501251220703125e+00,4.357168674468994141e+00,3.514574766159057617e+00,3.794619083404541016e+00,2.545984745025634766e+00,2.399782896041870117e+00,1.988237857818603516e+00,3.854008615016937256e-01,3.017097152769565582e-02,1.461608171463012695e+00,8.530895709991455078e-01,1.092047691345214844e+00,1.109101653099060059e+00,-6.034407019615173340e-01,-4.970730841159820557e-01,-5.275229215621948242e-01,-1.004160404205322266e+00,-3.798929750919342041e-01,1.680065989494323730e-01,4.322248995304107666e-01,-4.201365113258361816e-01,5.295669436454772949e-01
2.411441504955291748e-02,1.284914255142211914e+00,1.161649465560913086e+00,3.049562454223632812e+00,5.519516468048095703e+00,9.455516815185546875e+00,1.323400878906250000e+01,1.649731254577636719e+01,1.893815803527832031e+01,2.321216201782226562e+01,2.626691246032714844e+01,2.716433143615722656e+01,2.807599258422851562e+01,2.698823547363281250e+01,2.693972969055175781e+01,2.481052207946777344e+01,2.406144905090332031e+01,2.111482429504394531e+01,1.896382904052734375e+01,1.696575355529785156e+01,1.453524017333984375e+01,1.314944362640380859e+01,1.147520256042480469e+01,1.003047847747802734e+01,8.852952003479003906e+00,5.535365581512451172e+00,4.042584419250488281e+00,3.063367605209350586e+00,2.521292686462402344e+00,2.575161457061767578e+00,1.609576225280761719e+00,1.537348866462707520e+00,1.324137806892395020e+00,1.080259978771209717e-01,-1.062415316700935364e-01,1.154036760330200195e+00,6.369211673736572266e-01,7.886620759963989258e-01,8.430676460266113281e-01,-5.547773838043212891e-01,-2.520886361598968506e-01,-4.118894934654235840e-01,-8.261127471923828125e-01,-2.405818253755569458e-01,1.470079421997070312e-01,3.376483619213104248e-01,-1.429601311683654785e-01,2.705564796924591064e-01
2.051298320293426514e-02,7.819269299507141113e-01,9.170547723770141602e-01,1.841594338417053223e+00,2.898837804794311523e+00,5.341783523559570312e+00,7.306378841400146484e+00,9.011154174804687500e+00,1.007702922821044922e+01,1.261762809753417969e+01,1.468246173858642578e+01,1.507868289947509766e+01,1.571197891235351562e+01,1.462343502044677734e+01,1.448460483551025391e+01,1.303992176055908203e+01,1.301178932189941406e+01,1.080333900451660156e+01,9.766716003417968750e+00,8.580336570739746094e+00,7.293263912200927734e+00,6.831726551055908203e+00,6.003239154815673828e+00,4.808341026306152344e+00,4.453521728515625000e+00,2.409060716629028320e+00,1.879137396812438965e+00,1.429235458374023438e+00,1.290498733520507812e+00,1.190881252288818359e+00,6.088253855705261230e-01,5.368688106536865234e-01,5.559376478195190430e-01,-2.401391267776489258e-01,-2.208767533302307129e-01,7.750140428543090820e-01,4.343804717063903809e-01,4.637058377265930176e-01,5.526867508888244629e-01,-4.272054433822631836e-01,1.200991347432136536e-01,-2.813419997692108154e-01,-5.216447114944458008e-01,-4.796139523386955261e-02,6.844376772642135620e-02,2.345265746116638184e-01,1.535692214965820312e-01,-3.315521404147148132e-02
-3.247950971126556396e-02,1.688845515251159668e+00,1.413866162300109863e+00,4.083626747131347656e+00,7.725795745849609375e+00,1.296686172485351562e+01,1.829033088684082031e+01,2.288420295715332031e+01,2.657363510131835938e+01,3.224266815185546875e+01,3.613616561889648438e+01,3.744083023071289062e+01,3.859049606323242188e+01,3.759830474853515625e+01,3.762338638305664062e+01,3.486281967163085938e+01,3.348130798339843750e+01,2.996618270874023438e+01,2.681571006774902344e+01,2.414350318908691406e+01,2.075110244750976562e+01,1.861439704895019531e+01,1.618007659912109375e+01,1.449808120727539062e+01,1.261084175109863281e+01,8.282688140869140625e+00,5.958436489105224609e+00,4.456724643707275391e+00,3.605665206909179688e+00,3.773252487182617188e+00,2.475055456161499023e+00,2.383552074432373047e+00,1.975429296493530273e+00,3.999616205692291260e-01,-6.040347367525100708e-02,1.406136274337768555e+00,8.527139425277709961e-01,1.049821853637695312e+00,1.078010082244873047e+00,-6.513043642044067383e-01,-5.551542639732360840e-01,-5.413283109664916992e-01,-1.078639745712280273e+00,-4.151820540428161621e-01,1.834403276443481445e-01,4.481888115406036377e-01,-5.068446993827819824e-01,5.714575052261352539e-01
-4.171629250049591064e-01,3.600941419601440430e+00,2.757173538208007812e+00,9.243570327758789062e+00,1.878528785705566406e+01,3.010321998596191406e+01,4.312551116943359375e+01,5.425409698486328125e+01,6.377644348144531250e+01,7.618508911132812500e+01,8.446668243408203125e+01,8.778548431396484375e+01,9.003440856933593750e+01,8.930170440673828125e+01,8.980891418457031250e+01,8.397411346435546875e+01,7.987693786621093750e+01,7.304759979248046875e+01,6.537237548828125000e+01,5.935157394409179688e+01,5.119354248046875000e+01,4.555077743530273438e+01,3.950099563598632812e+01,3.654317092895507812e+01,3.135816001892089844e+01,2.197960472106933594e+01,1.565732097625732422e+01,1.113044261932373047e+01,8.895066261291503906e+00,9.768157005310058594e+00,6.915421009063720703e+00,6.374383926391601562e+00,5.096296310424804688e+00,1.554286122322082520e+00,1.949074864387512207e-01,2.982387781143188477e+00,1.913080096244812012e+00,2.401310443878173828e+00,2.422089099884033203e+00,-1.025421619415283203e+00,-1.722997307777404785e+00,-1.262518048286437988e+00,-2.143281221389770508e+00,-1.219556927680969238e+00,2.510001659393310547e-01,9.267664551734924316e-01,-2.023022174835205078e+00,1.854505419731140137e+00
-7.721613347530364990e-02,1.773843765258789062e+00,1.409239053726196289e+00,4.256993293762207031e+00,8.230813980102539062e+00,1.363353538513183594e+01,1.935651779174804688e+01,2.420724487304687500e+01,2.822553443908691406e+01,3.403395080566406250e+01,3.808512878417968750e+01,3.944248580932617188e+01,4.062125015258789062e+01,3.969244003295898438e+01,3.984196853637695312e+01,3.699097061157226562e+01,3.554540634155273438e+01,3.189424514770507812e+01,2.863208389282226562e+01,2.583434295654296875e+01,2.226452445983886719e+01,1.994145202636718750e+01,1.739433288574218750e+01,1.571295166015625000e+01,1.364924907684326172e+01,9.100306510925292969e+00,6.546528339385986328e+00,4.809207439422607422e+00,3.868810892105102539e+00,4.195386409759521484e+00,2.850819349288940430e+00,2.678904056549072266e+00,2.200010776519775391e+00,4.695066511631011963e-01,5.165975540876388550e-02,1.559898853302001953e+00,9.174697399139404297e-01,1.180426239967346191e+00,1.190298318862915039e+00,-6.197110414505004883e-01,-5.827398300170898438e-01,-5.747938156127929688e-01,-1.072276234626770020e+00,-4.382013976573944092e-01,1.715437769889831543e-01,4.672693312168121338e-01,-5.320558547973632812e-01,6.251521706581115723e-01
2.457058429718017578e-02,1.289499521255493164e+00,1.181370019912719727e+00,3.067790508270263672e+00,5.536231040954589844e+00,9.495857238769531250e+00,1.327911758422851562e+01,1.656197929382324219e+01,1.899324989318847656e+01,2.331494903564453125e+01,2.637967109680175781e+01,2.729538536071777344e+01,2.821094131469726562e+01,2.711187553405761719e+01,2.703644561767578125e+01,2.489663887023925781e+01,2.413222885131835938e+01,2.117266654968261719e+01,1.900331306457519531e+01,1.699265480041503906e+01,1.454562187194824219e+01,1.316174793243408203e+01,1.146969223022460938e+01,1.000190067291259766e+01,8.834753990173339844e+00,5.507439136505126953e+00,4.025420665740966797e+00,3.059965372085571289e+00,2.521448135375976562e+00,2.550055503845214844e+00,1.571821093559265137e+00,1.513573408126831055e+00,1.312126159667968750e+00,9.772884845733642578e-02,-1.278600692749023438e-01,1.141862511634826660e+00,6.355983018875122070e-01,7.807399034500122070e-01,8.352591395378112793e-01,-5.687646865844726562e-01,-2.598812282085418701e-01,-4.099773764610290527e-01,-8.419706821441650391e-01,-2.408788949251174927e-01,1.443997919559478760e-01,3.388756215572357178e-01,-1.599544286727905273e-01,2.795489430427551270e-01
-3.811376988887786865e-01,3.310166120529174805e+00,2.471968889236450195e+00,8.397068977355957031e+00,1.713293838500976562e+01,2.743236732482910156e+01,3.935205459594726562e+01,4.946757888793945312e+01,5.823554229736328125e+01,6.944769287109375000e+01,7.698559570312500000e+01,7.999156951904296875e+01,8.206170654296875000e+01,8.137316131591796875e+01,8.190382385253906250e+01,7.660877227783203125e+01,7.291307830810546875e+01,6.664688110351562500e+01,5.972966003417968750e+01,5.424935150146484375e+01,4.684057998657226562e+01,4.166094207763671875e+01,3.617760467529296875e+01,3.348568725585937500e+01,2.874374389648437500e+01,2.014249229431152344e+01,1.435875988006591797e+01,1.021466922760009766e+01,8.146922111511230469e+00,9.019586563110351562e+00,6.430824756622314453e+00,5.918578624725341797e+00,4.726493358612060547e+00,1.411657929420471191e+00,2.559430003166198730e-01,2.806863784790039062e+00,1.762730717658996582e+00,2.264718770980834961e+00,2.255425214767456055e+00,-9.152449369430541992e-01,-1.561397433280944824e+00,-1.148759245872497559e+00,-1.935159206390380859e+00,-1.091164350509643555e+00,2.301784753799438477e-01,8.661792874336242676e-01,-1.802339076995849609e+00,1.695194602012634277e+00
4.180416464805603027e-02,1.038481473922729492e+00,1.019285082817077637e+00,2.441075801849365234e+00,4.234127998352050781e+00,7.398574829101562500e+00,1.028806400299072266e+01,1.277746200561523438e+01,1.451814174652099609e+01,1.794157218933105469e+01,2.047254180908203125e+01,2.113792610168457031e+01,2.191016387939453125e+01,2.081813812255859375e+01,2.072868347167968750e+01,1.896162223815917969e+01,1.855117416381835938e+01,1.600217437744140625e+01,1.439193153381347656e+01,1.281308746337890625e+01,1.095016288757324219e+01,9.990613937377929688e+00,8.744695663452148438e+00,7.454315185546875000e+00,6.676973819732666016e+00,3.989482164382934570e+00,2.955702543258666992e+00,2.255112409591674805e+00,1.901669263839721680e+00,1.879486322402954102e+00,1.110752463340759277e+00,1.052829742431640625e+00,9.447007179260253906e-01,-4.092646017670631409e-02,-1.493868231773376465e-01,9.669386744499206543e-01,5.195574760437011719e-01,6.275960206985473633e-01,6.905092000961303711e-01,-4.863040447235107422e-01,-8.106931298971176147e-02,-3.434578180313110352e-01,-6.723261475563049316e-01,-1.414569914340972900e-01,1.115329191088676453e-01,2.829457819461822510e-01,1.417113095521926880e-02,1.149047166109085083e-01
-6.662953644990921021e-03,5.604273676872253418e-01,7.802797555923461914e-01,1.361683726310729980e+00,1.866526007652282715e+00,3.738471984863281250e+00,5.009066104888916016e+00,6.093574523925781250e+00,6.776942253112792969e+00,8.600713729858398438e+00,1.018743896484375000e+01,1.046301651000976562e+01,1.096466636657714844e+01,9.966601371765136719e+00,9.818457603454589844e+00,8.668519020080566406e+00,8.785480499267578125e+00,7.027851104736328125e+00,6.404868602752685547e+00,5.516868114471435547e+00,4.650689601898193359e+00,4.518764972686767578e+00,3.919110298156738281e+00,2.911454439163208008e+00,2.799675226211547852e+00,1.316806793212890625e+00,1.085682153701782227e+00,8.621556162834167480e-01,8.514032959938049316e-01,6.868512630462646484e-01,2.557720541954040527e-01,2.081979364156723022e-01,2.675831019878387451e-01,-3.621970713138580322e-01,-2.647615075111389160e-01,5.670900344848632812e-01,3.390979766845703125e-01,3.260745406150817871e-01,3.769394755363464355e-01,-3.620423078536987305e-01,1.805393993854522705e-01,-2.289648354053497314e-01,-3.881023824214935303e-01,2.180274575948715210e-03,3.826157003641128540e-02,1.940235644578933716e-01,1.730704307556152344e-01,-7.810024917125701904e-02
3.940770030021667480e-02,1.107582092285156250e+00,1.078092932701110840e+00,2.601263523101806641e+00,4.544953346252441406e+00,7.917785644531250000e+00,1.101448249816894531e+01,1.369824028015136719e+01,1.557386016845703125e+01,1.924212455749511719e+01,2.193244552612304688e+01,2.265222549438476562e+01,2.346572113037109375e+01,2.233953666687011719e+01,2.223864746093750000e+01,2.036753273010253906e+01,1.989158630371093750e+01,1.720015716552734375e+01,1.546174812316894531e+01,1.377078533172607422e+01,1.176646518707275391e+01,1.072657966613769531e+01,9.380053520202636719e+00,8.015128135681152344e+00,7.165265083312988281e+00,4.306114196777343750e+00,3.188102483749389648e+00,2.428098201751708984e+00,2.040364265441894531e+00,2.019472122192382812e+00,1.197725057601928711e+00,1.139783859252929688e+00,1.021154880523681641e+00,-2.650098875164985657e-02,-1.556511223316192627e-01,1.020541310310363770e+00,5.487194061279296875e-01,6.602345705032348633e-01,7.299638986587524414e-01,-5.215971469879150391e-01,-1.100679859519004822e-01,-3.637655973434448242e-01,-7.213394045829772949e-01,-1.619819849729537964e-01,1.158930584788322449e-01,2.955445349216461182e-01,-9.529016911983489990e-03,1.432128995656967163e-01
-1.818137168884277344e-01,2.397549629211425781e+00,1.882992982864379883e+00,5.983345985412597656e+00,1.183454513549804688e+01,1.931163787841796875e+01,2.751977157592773438e+01,3.452700424194335938e+01,4.042356109619140625e+01,4.854207229614257812e+01,5.403393936157226562e+01,5.609199905395507812e+01,5.764209747314453125e+01,5.677558135986328125e+01,5.700782394409179688e+01,5.312989807128906250e+01,5.072964477539062500e+01,4.601133346557617188e+01,4.119585800170898438e+01,3.730091476440429688e+01,3.214299774169921875e+01,2.867281150817871094e+01,2.489982032775878906e+01,2.277671623229980469e+01,1.963968086242675781e+01,1.343401336669921875e+01,9.605081558227539062e+00,6.972861289978027344e+00,5.587499141693115234e+00,6.042941570281982422e+00,4.181265830993652344e+00,3.911790847778320312e+00,3.163541793823242188e+00,8.492468595504760742e-01,6.090884655714035034e-02,1.999831676483154297e+00,1.247755527496337891e+00,1.568818211555480957e+00,1.580210328102111816e+00,-7.708947658538818359e-01,-9.979374408721923828e-01,-8.022160530090332031e-01,-1.458917379379272461e+00,-7.186344861984252930e-01,2.077851295471191406e-01,6.347291469573974609e-01,-1.079106926918029785e+00,1.057739019393920898e+00
-5.952960252761840820e-01,4.055037498474121094e+00,2.842499017715454102e+00,1.013532161712646484e+01,2.136287689208984375e+01,3.360479736328125000e+01,4.851053619384765625e+01,6.101845169067382812e+01,7.210034942626953125e+01,8.541790008544921875e+01,9.461323547363281250e+01,9.818981933593750000e+01,1.006259994506835938e+02,1.001350860595703125e+02,1.011065444946289062e+02,9.471295928955078125e+01,9.028993225097656250e+01,8.268244934082031250e+01,7.430345916748046875e+01,6.757036590576171875e+01,5.851162719726562500e+01,5.202322387695312500e+01,4.536512374877929688e+01,4.223642349243164062e+01,3.627110671997070312e+01,2.576565170288085938e+01,1.839824104309082031e+01,1.281877994537353516e+01,1.019010829925537109e+01,1.172372722625732422e+01,8.535203933715820312e+00,7.732670783996582031e+00,6.178095340728759766e+00,1.878320813179016113e+00,6.772581934928894043e-01,3.755973339080810547e+00,2.258451700210571289e+00,3.012106895446777344e+00,2.964848279953002930e+00,-9.916524887084960938e-01,-1.884961009025573730e+00,-1.401461243629455566e+00,-2.167911291122436523e+00,-1.301704883575439453e+00,1.774234771728515625e-01,1.001500487327575684e+00,-2.181132555007934570e+00,2.153775215148925781e+00
-2.239455282688140869e-02,1.592586874961853027e+00,1.324998736381530762e+00,3.807166099548339844e+00,7.169822216033935547e+00,1.206455802917480469e+01,1.702177238464355469e+01,2.127384376525878906e+01,2.468217658996582031e+01,2.994971275329589844e+01,3.362552261352539062e+01,3.479891204833984375e+01,3.588558578491210938e+01,3.489152526855468750e+01,3.493594741821289062e+01,3.233311080932617188e+01,3.113813400268554688e+01,2.777491760253906250e+01,2.488271713256835938e+01,2.239575195312500000e+01,1.925500106811523438e+01,1.729059219360351562e+01,1.506540298461914062e+01,1.346767807006835938e+01,1.174636936187744141e+01,7.670201301574707031e+00,5.532123565673828125e+00,4.132022380828857422e+00,3.344307899475097656e+00,3.533597707748413086e+00,2.323397636413574219e+00,2.215472698211669922e+00,1.846420288085937500e+00,3.460395038127899170e-01,-3.019309602677822113e-02,1.367665648460388184e+00,8.160524368286132812e-01,1.009059786796569824e+00,1.043165802955627441e+00,-6.208168268203735352e-01,-4.720574319362640381e-01,-5.063618421554565430e-01,-9.992238283157348633e-01,-3.675788938999176025e-01,1.778439283370971680e-01,4.220228195190429688e-01,-3.947129249572753906e-01,4.879539608955383301e-01
-4.076868295669555664e-03,1.456795215606689453e+00,1.229028224945068359e+00,3.433553218841552734e+00,6.395946025848388672e+00,1.082303428649902344e+01,1.523922348022460938e+01,1.901570892333984375e+01,2.198693275451660156e+01,2.674548339843750000e+01,3.013333129882812500e+01,3.115491104125976562e+01,3.215740585327148438e+01,3.112526893615722656e+01,3.115390014648437500e+01,2.877364540100097656e+01,2.781930923461914062e+01,2.464775848388671875e+01,2.212051963806152344e+01,1.986649703979492188e+01,1.706965446472167969e+01,1.537561798095703125e+01,1.343014144897460938e+01,1.191501045227050781e+01,1.044111347198486328e+01,6.710721015930175781e+00,4.865800857543945312e+00,3.643996477127075195e+00,2.961883068084716797e+00,3.132814407348632812e+00,2.034779310226440430e+00,1.934025287628173828e+00,1.631802320480346680e+00,2.450416982173919678e-01,-3.388071805238723755e-02,1.295111894607543945e+00,7.409288883209228516e-01,9.295194149017333984e-01,9.667634963989257812e-01,-5.787842869758605957e-01,-3.614541590213775635e-01,-4.601323604583740234e-01,-9.052350521087646484e-01,-2.983632087707519531e-01,1.635896861553192139e-01,3.770649135112762451e-01,-2.530108392238616943e-01,3.784219324588775635e-01
-1.073925793170928955e-01,2.000094175338745117e+00,1.604321241378784180e+00,4.892875671386718750e+00,9.498311042785644531e+00,1.567040348052978516e+01,2.225082397460937500e+01,2.787122535705566406e+01,3.250406265258789062e+01,3.918796539306640625e+01,4.378943252563476562e+01,4.539350509643554688e+01,4.670547866821289062e+01,4.576472091674804688e+01,4.590505599975585938e+01,4.266313934326171875e+01,4.089625930786132812e+01,3.683430862426757812e+01,3.300298309326171875e+01,2.980232429504394531e+01,2.565987396240234375e+01,2.296063995361328125e+01,1.997468757629394531e+01,1.810583686828613281e+01,1.568898010253906250e+01,1.053446483612060547e+01,7.565927505493164062e+00,5.541504859924316406e+00,4.458091735839843750e+00,4.793325901031494141e+00,3.256572008132934570e+00,3.065883398056030273e+00,2.512607336044311523e+00,5.903146266937255859e-01,2.444916404783725739e-02,1.704975366592407227e+00,1.032417774200439453e+00,1.302475452423095703e+00,1.321505188941955566e+00,-6.903138160705566406e-01,-7.227603197097778320e-01,-6.519750356674194336e-01,-1.220993041992187500e+00,-5.321770310401916504e-01,1.912499666213989258e-01,5.205884575843811035e-01,-7.171451449394226074e-01,7.600141167640686035e-01
9.272098541259765625e-03,7.581800818443298340e-01,8.810628056526184082e-01,1.746198534965515137e+00,2.739910364151000977e+00,5.075170040130615234e+00,6.898776531219482422e+00,8.515409469604492188e+00,9.521440505981445312e+00,1.188515281677246094e+01,1.391147327423095703e+01,1.424250793457031250e+01,1.486050415039062500e+01,1.377054119110107422e+01,1.366671657562255859e+01,1.224915981292724609e+01,1.231334400177001953e+01,1.013703346252441406e+01,9.176597595214843750e+00,8.053901672363281250e+00,6.839141368865966797e+00,6.463238716125488281e+00,5.697465419769287109e+00,4.536404132843017578e+00,4.224987983703613281e+00,2.258189678192138672e+00,1.779726505279541016e+00,1.326043844223022461e+00,1.234638333320617676e+00,1.167305231094360352e+00,6.084937453269958496e-01,5.184407234191894531e-01,5.198623538017272949e-01,-2.619857192039489746e-01,-1.914849877357482910e-01,7.880181074142456055e-01,4.333868920803070068e-01,4.529485702514648438e-01,5.491382479667663574e-01,-4.134070277214050293e-01,1.611231565475463867e-01,-2.856706380844116211e-01,-4.674882590770721436e-01,-2.349162474274635315e-02,5.490376800298690796e-02,2.140640020370483398e-01,2.200252413749694824e-01,-7.736830413341522217e-02
1.914799213409423828e-05,1.430405139923095703e+00,1.216319084167480469e+00,3.386724948883056641e+00,6.291704177856445312e+00,1.066607093811035156e+01,1.499680233001708984e+01,1.872606849670410156e+01,2.164349555969238281e+01,2.634711265563964844e+01,2.967547035217285156e+01,3.068988227844238281e+01,3.168047904968261719e+01,3.066314697265625000e+01,3.067431259155273438e+01,2.833155441284179688e+01,2.737390518188476562e+01,2.425543022155761719e+01,2.175896453857421875e+01,1.954203605651855469e+01,1.678861427307128906e+01,1.511713504791259766e+01,1.319271278381347656e+01,1.169324207305908203e+01,1.025022983551025391e+01,6.586889743804931641e+00,4.767422676086425781e+00,3.580711603164672852e+00,2.914261817932128906e+00,3.057040929794311523e+00,1.980166912078857422e+00,1.888727068901062012e+00,1.589069604873657227e+00,2.353833615779876709e-01,-4.738826304674148560e-02,1.255954980850219727e+00,7.271125316619873047e-01,8.985145092010498047e-01,9.422278404235839844e-01,-5.776277780532836914e-01,-3.611648380756378174e-01,-4.569972753524780273e-01,-8.993231058120727539e-01,-3.002565503120422363e-01,1.620334386825561523e-01,3.760717809200286865e-01,-2.589299976825714111e-01,3.738625049591064453e-01
2.430017292499542236e-02,1.308441996574401855e+00,1.193004846572875977e+00,3.111049890518188477e+00,5.622258186340332031e+00,9.640550613403320312e+00,1.348514270782470703e+01,1.681992340087890625e+01,1.929493522644042969e+01,2.367805099487304688e+01,2.678778266906738281e+01,2.771314048767089844e+01,2.864527893066406250e+01,2.753781318664550781e+01,2.746561050415039062e+01,2.529776000976562500e+01,2.451780700683593750e+01,2.151813316345214844e+01,1.931673812866210938e+01,1.727626991271972656e+01,1.479256534576416016e+01,1.338001346588134766e+01,1.166423892974853516e+01,1.018080043792724609e+01,8.991082191467285156e+00,5.612608432769775391e+00,4.099752426147460938e+00,3.112889051437377930e+00,2.562327384948730469e+00,2.601046800613403320e+00,1.610000729560852051e+00,1.548425793647766113e+00,1.340511560440063477e+00,1.052808016538619995e-01,-1.218494251370429993e-01,1.161428809165954590e+00,6.458208560943603516e-01,7.903737425804138184e-01,8.509510755538940430e-01,-5.737805366516113281e-01,-2.657043635845184326e-01,-4.153250455856323242e-01,-8.522746562957763672e-01,-2.457232028245925903e-01,1.456807553768157959e-01,3.427035510540008545e-01,-1.611753702163696289e-01,2.837873399257659912e-01
-5.552520751953125000e-01,4.099266052246093750e+00,2.952025175094604492e+00,1.030598354339599609e+01,2.160529708862304688e+01,3.411720275878906250e+01,4.910732650756835938e+01,6.179692840576171875e+01,7.289212799072265625e+01,8.653243255615234375e+01,9.594698333740234375e+01,9.955141448974609375e+01,1.020604629516601562e+02,1.014716873168945312e+02,1.023451004028320312e+02,9.576134490966796875e+01,9.133862304687500000e+01,8.354860687255859375e+01,7.496449279785156250e+01,6.812388610839843750e+01,5.893202209472656250e+01,5.241168975830078125e+01,4.568173980712890625e+01,4.242820358276367188e+01,3.646709060668945312e+01,2.580975532531738281e+01,1.842276191711425781e+01,1.287817478179931641e+01,1.026439285278320312e+01,1.172037506103515625e+01,8.439802169799804688e+00,7.673649787902832031e+00,6.167006492614746094e+00,1.881605982780456543e+00,6.021137833595275879e-01,3.757469177246093750e+00,2.308781147003173828e+00,2.973720312118530273e+00,2.966339349746704102e+00,-1.068983554840087891e+00,-1.885002255439758301e+00,-1.407802939414978027e+00,-2.223323106765747070e+00,-1.317751765251159668e+00,1.870784759521484375e-01,1.003998875617980957e+00,-2.186341285705566406e+00,2.134257078170776367e+00
-1.448195278644561768e-01,2.304416179656982422e+00,1.873053073883056641e+00,5.765167236328125000e+00,1.126895141601562500e+01,1.851415061950683594e+01,2.628520965576171875e+01,3.299652862548828125e+01,3.853684997558593750e+01,4.643949890136718750e+01,5.174493026733398438e+01,5.370756149291992188e+01,5.521361160278320312e+01,5.429899978637695312e+01,5.443514633178710938e+01,5.067209243774414062e+01,4.837678527832031250e+01,4.380887222290039062e+01,3.916009902954101562e+01,3.540988159179687500e+01,3.047648811340332031e+01,2.721839904785156250e+01,2.359962081909179688e+01,2.148280906677246094e+01,1.854771614074707031e+01,1.260762596130371094e+01,9.006458282470703125e+00,6.583212852478027344e+00,5.300491333007812500e+00,5.628426551818847656e+00,3.829895496368408203e+00,3.621635675430297852e+00,2.942469358444213867e+00,7.677931189537048340e-01,-1.951689086854457855e-02,1.866691112518310547e+00,1.188725948333740234e+00,1.446820855140686035e+00,1.480890035629272461e+00,-8.006515502929687500e-01,-9.472194910049438477e-01,-7.773815393447875977e-01,-1.447942137718200684e+00,-6.905320882797241211e-01,2.090580463409423828e-01,6.102945208549499512e-01,-1.018541932106018066e+00,9.939913749694824219e-01
3.203754127025604248e-02,8.279428482055664062e-01,9.095510840415954590e-01,1.935524821281433105e+00,3.140196323394775391e+00,5.682389259338378906e+00,7.820837020874023438e+00,9.656986236572265625e+00,1.084679031372070312e+01,1.350999927520751953e+01,1.563873672485351562e+01,1.607647705078125000e+01,1.673298645019531250e+01,1.566148376464843750e+01,1.554930782318115234e+01,1.406187915802001953e+01,1.397419929504394531e+01,1.172093582153320312e+01,1.059154891967773438e+01,9.350217819213867188e+00,7.964770793914794922e+00,7.395808696746826172e+00,6.509208679199218750e+00,5.329644203186035156e+00,4.880286216735839844e+00,2.723345279693603516e+00,2.091038942337036133e+00,1.587119102478027344e+00,1.399918437004089355e+00,1.337295055389404297e+00,7.339136004447937012e-01,6.564964056015014648e-01,6.398504376411437988e-01,-1.799477338790893555e-01,-1.896736919879913330e-01,8.182362914085388184e-01,4.438598453998565674e-01,5.032834410667419434e-01,5.816398859024047852e-01,-4.161177277565002441e-01,8.115652948617935181e-02,-2.904002070426940918e-01,-5.384706258773803711e-01,-6.259021162986755371e-02,8.173199743032455444e-02,2.426400780677795410e-01,1.367354393005371094e-01,-1.567663066089153290e-02
-6.190083920955657959e-03,5.437878966331481934e-01,7.565533518791198730e-01,1.320947408676147461e+00,1.807720065116882324e+00,3.623432636260986328e+00,4.852003574371337891e+00,5.901891708374023438e+00,6.568140983581542969e+00,8.330233573913574219e+00,9.863776206970214844e+00,1.013125419616699219e+01,1.062111186981201172e+01,9.648330688476562500e+00,9.507218360900878906e+00,8.391179084777832031e+00,8.508280754089355469e+00,6.801958084106445312e+00,6.201257705688476562e+00,5.341780662536621094e+00,4.507656097412109375e+00,4.377993106842041016e+00,3.796967506408691406e+00,2.821649789810180664e+00,2.716165304183959961e+00,1.277571558952331543e+00,1.049560546875000000e+00,8.352770209312438965e-01,8.254607319831848145e-01,6.665165424346923828e-01,2.481755316257476807e-01,2.047490626573562622e-01,2.558819353580474854e-01,-3.524048924446105957e-01,-2.558375298976898193e-01,5.495345592498779297e-01,3.303582370281219482e-01,3.171725273132324219e-01,3.665705323219299316e-01,-3.522230982780456543e-01,1.759008616209030151e-01,-2.225745022296905518e-01,-3.760949671268463135e-01,3.648508340120315552e-03,3.876737505197525024e-02,1.908231228590011597e-01,1.688336431980133057e-01,-7.768724113702774048e-02
-4.090335220098495483e-03,5.546550154685974121e-01,7.549805641174316406e-01,1.336202263832092285e+00,1.869208097457885742e+00,3.698614120483398438e+00,4.956639766693115234e+00,6.045592308044433594e+00,6.735149860382080078e+00,8.520410537719726562e+00,1.006601047515869141e+01,1.033477020263671875e+01,1.082767677307128906e+01,9.862667083740234375e+00,9.726031303405761719e+00,8.607251167297363281e+00,8.714450836181640625e+00,6.996820449829101562e+00,6.369518280029296875e+00,5.503893852233886719e+00,4.650378227233886719e+00,4.496735572814941406e+00,3.908365249633789062e+00,2.932490110397338867e+00,2.810122251510620117e+00,1.352578043937683105e+00,1.098789334297180176e+00,8.653678297996520996e-01,8.484417796134948730e-01,6.994311809539794922e-01,2.770438790321350098e-01,2.328249365091323853e-01,2.729955911636352539e-01,-3.344650566577911377e-01,-2.452084571123123169e-01,5.594635009765625000e-01,3.318955004215240479e-01,3.219289481639862061e-01,3.773708939552307129e-01,-3.518521189689636230e-01,1.698742210865020752e-01,-2.249733507633209229e-01,-3.773632049560546875e-01,-2.048648893833160400e-04,4.014261811971664429e-02,1.888188272714614868e-01,1.682211756706237793e-01,-7.331907749176025391e-02
2.084502577781677246e-02,1.323064088821411133e+00,1.213950634002685547e+00,3.139614105224609375e+00,5.687435150146484375e+00,9.742809295654296875e+00,1.362117004394531250e+01,1.699766159057617188e+01,1.949427986145019531e+01,2.393183135986328125e+01,2.706300354003906250e+01,2.800206947326660156e+01,2.893211174011230469e+01,2.782983970642089844e+01,2.775409317016601562e+01,2.556865501403808594e+01,2.475911521911621094e+01,2.175144958496093750e+01,1.951337814331054688e+01,1.744876289367675781e+01,1.494181537628173828e+01,1.351906394958496094e+01,1.177888298034667969e+01,1.027472782135009766e+01,9.072129249572753906e+00,5.676800251007080078e+00,4.141579627990722656e+00,3.144039392471313477e+00,2.592428684234619141e+00,2.617228507995605469e+00,1.615980982780456543e+00,1.560217022895812988e+00,1.349796652793884277e+00,1.102146506309509277e-01,-1.315114796161651611e-01,1.160476684570312500e+00,6.459432840347290039e-01,7.913167476654052734e-01,8.501456975936889648e-01,-5.864014625549316406e-01,-2.769592106342315674e-01,-4.256084561347961426e-01,-8.652988672256469727e-01,-2.536171078681945801e-01,1.420426964759826660e-01,3.438870310783386230e-01,-1.799206733703613281e-01,2.971768975257873535e-01
4.353427886962890625e-02,1.053132295608520508e+00,1.024736166000366211e+00,2.470198154449462891e+00,4.273760318756103516e+00,7.476774215698242188e+00,1.040236663818359375e+01,1.291064071655273438e+01,1.466257476806640625e+01,1.810635375976562500e+01,2.069466590881347656e+01,2.135393333435058594e+01,2.214421081542968750e+01,2.101923370361328125e+01,2.093832015991210938e+01,1.914150428771972656e+01,1.876267814636230469e+01,1.615022277832031250e+01,1.454443550109863281e+01,1.294789314270019531e+01,1.106284236907958984e+01,1.010125732421875000e+01,8.855772972106933594e+00,7.549460887908935547e+00,6.766688823699951172e+00,4.025023937225341797e+00,2.997178316116333008e+00,2.278939962387084961e+00,1.923292994499206543e+00,1.919806718826293945e+00,1.143115997314453125e+00,1.069318413734436035e+00,9.628949165344238281e-01,-4.795992001891136169e-02,-1.427713036537170410e-01,1.002934813499450684e+00,5.337659120559692383e-01,6.468097567558288574e-01,7.125037908554077148e-01,-4.826546907424926758e-01,-6.529959291219711304e-02,-3.479707837104797363e-01,-6.719597578048706055e-01,-1.362836360931396484e-01,1.171300336718559265e-01,2.849607467651367188e-01,4.234070330858230591e-02,9.659881889820098877e-02
-3.118349313735961914e-01,2.976153850555419922e+00,2.256426572799682617e+00,7.485045433044433594e+00,1.514148521423339844e+01,2.434950447082519531e+01,3.488261795043945312e+01,4.381742477416992188e+01,5.148882293701171875e+01,6.152449035644531250e+01,6.831031036376953125e+01,7.092743682861328125e+01,7.279263305664062500e+01,7.203159332275390625e+01,7.246640777587890625e+01,6.769957733154296875e+01,6.453392791748046875e+01,5.882167053222656250e+01,5.271289443969726562e+01,4.782371902465820312e+01,4.127880859375000000e+01,3.676545715332031250e+01,3.194521331787109375e+01,2.946232223510742188e+01,2.533261871337890625e+01,1.762620162963867188e+01,1.258470916748046875e+01,8.984895706176757812e+00,7.176454544067382812e+00,7.917162418365478516e+00,5.602613925933837891e+00,5.172342300415039062e+00,4.153789997100830078e+00,1.196860671043395996e+00,2.065312266349792480e-01,2.537467479705810547e+00,1.579292654991149902e+00,2.025186300277709961e+00,2.020777463912963867e+00,-8.689970970153808594e-01,-1.325306057929992676e+00,-1.019263863563537598e+00,-1.748503804206848145e+00,-9.431194067001342773e-01,2.130782008171081543e-01,7.732450366020202637e-01,-1.493426561355590820e+00,1.445686578750610352e+00
2.332478761672973633e-04,6.593991518020629883e-01,8.427243232727050781e-01,1.559496760368347168e+00,2.300122499465942383e+00,4.415335655212402344e+00,5.954395294189453125e+00,7.304628849029541016e+00,8.141337394714355469e+00,1.025092220306396484e+01,1.206512928009033203e+01,1.236999130249023438e+01,1.292949771881103516e+01,1.186861133575439453e+01,1.173616695404052734e+01,1.045770359039306641e+01,1.054459381103515625e+01,8.560223579406738281e+00,7.770948886871337891e+00,6.763764858245849609e+00,5.717501163482666016e+00,5.477364540100097656e+00,4.787896633148193359e+00,3.690628767013549805e+00,3.484606981277465820e+00,1.761292934417724609e+00,1.419445157051086426e+00,1.082554817199707031e+00,1.041013360023498535e+00,9.098849296569824219e-01,4.138766825199127197e-01,3.442417383193969727e-01,3.794062733650207520e-01,-3.190245032310485840e-01,-2.405135333538055420e-01,6.766874790191650391e-01,3.854188323020935059e-01,3.821679651737213135e-01,4.643007516860961914e-01,-3.901526331901550293e-01,1.777593940496444702e-01,-2.568139433860778809e-01,-4.319534599781036377e-01,-1.245338842272758484e-02,4.661261290311813354e-02,2.049680054187774658e-01,1.953647434711456299e-01,-7.602187991142272949e-02
-6.997257471084594727e-03,5.401250123977661133e-01,7.361008524894714355e-01,1.301875710487365723e+00,1.810421586036682129e+00,3.595755577087402344e+00,4.815319538116455078e+00,5.868886947631835938e+00,6.539612293243408203e+00,8.264272689819335938e+00,9.766917228698730469e+00,1.002632999420166016e+01,1.050831031799316406e+01,9.561503410339355469e+00,9.439311027526855469e+00,8.345280647277832031e+00,8.458399772644042969e+00,6.785849571228027344e+00,6.183010101318359375e+00,5.342734813690185547e+00,4.516069889068603516e+00,4.371504306793212891e+00,3.802934885025024414e+00,2.856364488601684570e+00,2.739751100540161133e+00,1.316193461418151855e+00,1.069085001945495605e+00,8.434368968009948730e-01,8.291114568710327148e-01,6.878442168235778809e-01,2.738708555698394775e-01,2.316458076238632202e-01,2.659116089344024658e-01,-3.277606368064880371e-01,-2.375302910804748535e-01,5.482226610183715820e-01,3.245018124580383301e-01,3.183578848838806152e-01,3.695992231369018555e-01,-3.437427282333374023e-01,1.675288975238800049e-01,-2.227869033813476562e-01,-3.661850988864898682e-01,2.596128731966018677e-03,4.145162552595138550e-02,1.835952252149581909e-01,1.718803942203521729e-01,-7.690276950597763062e-02
-4.038457572460174561e-01,3.491104364395141602e+00,2.646005868911743164e+00,8.918459892272949219e+00,1.816314315795898438e+01,2.909505462646484375e+01,4.170359420776367188e+01,5.245297622680664062e+01,6.169830322265625000e+01,7.365666198730468750e+01,8.163773345947265625e+01,8.484677886962890625e+01,8.702351379394531250e+01,8.632330322265625000e+01,8.683699035644531250e+01,8.122124481201171875e+01,7.724921417236328125e+01,7.065191650390625000e+01,6.325807952880859375e+01,5.744666290283203125e+01,4.957584381103515625e+01,4.409767913818359375e+01,3.825811767578125000e+01,3.540008926391601562e+01,3.037788391113281250e+01,2.130022048950195312e+01,1.516843986511230469e+01,1.079441928863525391e+01,8.618265151977539062e+00,9.482355117797851562e+00,6.736119747161865234e+00,6.214950084686279297e+00,4.958930015563964844e+00,1.508034586906433105e+00,2.155731320381164551e-01,2.908338546752929688e+00,1.849040150642395020e+00,2.344246149063110352e+00,2.350513696670532227e+00,-9.850310087203979492e-01,-1.673456072807312012e+00,-1.223692297935485840e+00,-2.069316148757934570e+00,-1.178654432296752930e+00,2.382497787475585938e-01,9.061551690101623535e-01,-1.953111410140991211e+00,1.806774497032165527e+00
-1.832880973815917969e-01,2.438496589660644531e+00,1.923707485198974609e+00,6.112976551055908203e+00,1.207265853881835938e+01,1.971298599243164062e+01,2.807730102539062500e+01,3.523794174194335938e+01,4.124761199951171875e+01,4.955475997924804688e+01,5.515747833251953125e+01,5.726231765747070312e+01,5.884640121459960938e+01,5.797205352783203125e+01,5.819034194946289062e+01,5.423416519165039062e+01,5.176497650146484375e+01,4.696338272094726562e+01,4.203483963012695312e+01,3.805701065063476562e+01,3.278799438476562500e+01,2.924563789367675781e+01,2.538274192810058594e+01,2.321875572204589844e+01,2.001870536804199219e+01,1.369879245758056641e+01,9.789014816284179688e+00,7.106353282928466797e+00,5.698364257812500000e+00,6.145050525665283203e+00,4.246136665344238281e+00,3.975788354873657227e+00,3.214513301849365234e+00,8.665507435798645020e-01,4.821305721998214722e-02,2.019694805145263672e+00,1.269073843955993652e+00,1.579991579055786133e+00,1.603824496269226074e+00,-7.888742685317993164e-01,-1.024955272674560547e+00,-8.193180561065673828e-01,-1.493413448333740234e+00,-7.389005422592163086e-01,2.160289883613586426e-01,6.463065743446350098e-01,-1.113840579986572266e+00,1.080765724182128906e+00
-1.487994909286499023e+00,8.233928680419921875e+00,5.109020709991455078e+00,1.993602943420410156e+01,4.461491394042968750e+01,6.852626037597656250e+01,9.951663970947265625e+01,1.255710906982421875e+02,1.489287261962890625e+02,1.753676452636718750e+02,1.938509063720703125e+02,2.009669647216796875e+02,2.059344482421875000e+02,2.059819641113281250e+02,2.087058563232421875e+02,1.956947784423828125e+02,1.867347259521484375e+02,1.715048370361328125e+02,1.544666748046875000e+02,1.408238830566406250e+02,1.220866317749023438e+02,1.083556823730468750e+02,9.501634216308593750e+01,8.918173217773437500e+01,7.645872497558593750e+01,5.550259780883789062e+01,3.951523208618164062e+01,2.672605323791503906e+01,2.121326255798339844e+01,2.552178192138671875e+01,1.909515953063964844e+01,1.689291572570800781e+01,1.339358806610107422e+01,4.488982677459716797e+00,2.300008535385131836e+00,8.348522186279296875e+00,4.957918167114257812e+00,6.645384788513183594e+00,6.538751125335693359e+00,-1.595680713653564453e+00,-3.699089288711547852e+00,-2.785206794738769531e+00,-3.868183374404907227e+00,-2.594001770019531250e+00,-4.796517640352249146e-02,1.875199198722839355e+00,-4.682956695556640625e+00,4.696747779846191406e+00
-1.817671656608581543e-01,2.101465225219726562e+00,1.540927529335021973e+00,4.924169063568115234e+00,1.000673675537109375e+01,1.612297058105468750e+01,2.308655357360839844e+01,2.891589927673339844e+01,3.387329864501953125e+01,4.044592285156250000e+01,4.524171829223632812e+01,4.675288009643554688e+01,4.807634353637695312e+01,4.721482849121093750e+01,4.760702133178710938e+01,4.428103637695312500e+01,4.269374084472656250e+01,3.839118194580078125e+01,3.460122299194335938e+01,3.126940345764160156e+01,2.706199455261230469e+01,2.423250389099121094e+01,2.128761291503906250e+01,1.939469337463378906e+01,1.687181282043457031e+01,1.150165653228759766e+01,8.301309585571289062e+00,5.878077030181884766e+00,4.709169387817382812e+00,5.437243938446044922e+00,3.822520017623901367e+00,3.489394664764404297e+00,2.876773357391357422e+00,6.531324982643127441e-01,3.223443031311035156e-01,2.087213516235351562e+00,1.167767286300659180e+00,1.563412070274353027e+00,1.558787107467651367e+00,-6.429173946380615234e-01,-6.565238833427429199e-01,-6.732553243637084961e-01,-1.114648818969726562e+00,-4.784834384918212891e-01,1.201684996485710144e-01,4.947795569896697998e-01,-5.876842737197875977e-01,7.698727846145629883e-01
-2.061169445514678955e-01,2.376832008361816406e+00,1.804848313331604004e+00,5.860948562622070312e+00,1.172688293457031250e+01,1.901828956604003906e+01,2.719157028198242188e+01,3.410295867919921875e+01,4.001427078247070312e+01,4.789864730834960938e+01,5.328853225708007812e+01,5.529132461547851562e+01,5.680974960327148438e+01,5.600819778442382812e+01,5.632628250122070312e+01,5.253694534301757812e+01,5.020112609863281250e+01,4.555355072021484375e+01,4.086970901489257812e+01,3.703012084960937500e+01,3.196288871765136719e+01,2.850329971313476562e+01,2.480455780029296875e+01,2.275324440002441406e+01,1.961857223510742188e+01,1.348999595642089844e+01,9.653269767761230469e+00,6.954154491424560547e+00,5.558366298675537109e+00,6.121188640594482422e+00,4.297783374786376953e+00,3.984909296035766602e+00,3.214981555938720703e+00,8.538960814476013184e-01,1.529098153114318848e-01,2.057125091552734375e+00,1.249348282814025879e+00,1.627435207366943359e+00,1.612674713134765625e+00,-7.266234159469604492e-01,-9.750829935073852539e-01,-7.949002981185913086e-01,-1.399085283279418945e+00,-6.948306560516357422e-01,1.916469931602478027e-01,6.284335851669311523e-01,-1.038614273071289062e+00,1.057268500328063965e+00
-1.271747797727584839e-01,2.026585817337036133e+00,1.576037883758544922e+00,4.889266967773437500e+00,9.618619918823242188e+00,1.576516723632812500e+01,2.244788551330566406e+01,2.811877822875976562e+01,3.285478973388671875e+01,3.948806381225585938e+01,4.410678863525390625e+01,4.569386672973632812e+01,4.700924682617187500e+01,4.610221862792968750e+01,4.631570434570312500e+01,4.307970046997070312e+01,4.132933425903320312e+01,3.723317337036132812e+01,3.342285919189453125e+01,3.020281982421875000e+01,2.604804801940917969e+01,2.330380439758300781e+01,2.032641601562500000e+01,1.846604156494140625e+01,1.600400733947753906e+01,1.080584144592285156e+01,7.765553474426269531e+00,5.637989521026611328e+00,4.525173664093017578e+00,4.960235118865966797e+00,3.420903205871582031e+00,3.189408063888549805e+00,2.608520030975341797e+00,6.082629561424255371e-01,1.025205180048942566e-01,1.791103601455688477e+00,1.058661699295043945e+00,1.368074178695678711e+00,1.374686121940612793e+00,-6.712441444396972656e-01,-7.156802415847778320e-01,-6.642178297042846680e-01,-1.196556925773620605e+00,-5.250257849693298340e-01,1.698708534240722656e-01,5.197657942771911621e-01,-6.932178735733032227e-01,7.754800319671630859e-01
-6.365999579429626465e-04,6.375762224197387695e-01,7.915091514587402344e-01,1.497015118598937988e+00,2.245595455169677734e+00,4.264394760131835938e+00,5.758286952972412109e+00,7.078623294830322266e+00,7.903789043426513672e+00,9.902508735656738281e+00,1.162927722930908203e+01,1.191825008392333984e+01,1.245663261413574219e+01,1.145469570159912109e+01,1.135618591308593750e+01,1.013286685943603516e+01,1.021955871582031250e+01,8.331001281738281250e+00,7.557656764984130859e+00,6.604995727539062500e+00,5.597852230072021484e+00,5.337189197540283203e+00,4.683261871337890625e+00,3.655910491943359375e+00,3.444296121597290039e+00,1.773824810981750488e+00,1.415173888206481934e+00,1.067599654197692871e+00,1.020872235298156738e+00,9.266495108604431152e-01,4.477549493312835693e-01,3.802067637443542480e-01,3.868267238140106201e-01,-2.797026932239532471e-01,-2.041311562061309814e-01,6.631717085838317871e-01,3.699010014533996582e-01,3.844163417816162109e-01,4.586751461029052734e-01,-3.681812882423400879e-01,1.654421240091323853e-01,-2.492918968200683594e-01,-4.042802453041076660e-01,-9.770471602678298950e-03,5.299990624189376831e-02,1.957102715969085693e-01,1.990452408790588379e-01,-7.959233224391937256e-02
-3.844967782497406006e-01,2.959622859954833984e+00,2.044250726699829102e+00,7.002216815948486328e+00,1.485127449035644531e+01,2.336216545104980469e+01,3.369814682006835938e+01,4.230339050292968750e+01,4.982343292236328125e+01,5.901007461547851562e+01,6.579892730712890625e+01,6.798731231689453125e+01,6.977568054199218750e+01,6.904189300537109375e+01,6.983575439453125000e+01,6.515839385986328125e+01,6.271944427490234375e+01,5.680800247192382812e+01,5.124321746826171875e+01,4.644828033447265625e+01,4.029445648193359375e+01,3.598809051513671875e+01,3.166847038269042969e+01,2.919631958007812500e+01,2.531014633178710938e+01,1.771626281738281250e+01,1.276213645935058594e+01,8.812344551086425781e+00,7.034919738769531250e+00,8.389175415039062500e+00,6.053062915802001953e+00,5.433259010314941406e+00,4.453208923339843750e+00,1.161585688591003418e+00,7.016697525978088379e-01,3.109653472900390625e+00,1.738275766372680664e+00,2.347273588180541992e+00,2.333705902099609375e+00,-7.807120084762573242e-01,-1.027998089790344238e+00,-9.603391885757446289e-01,-1.432456016540527344e+00,-7.303480505943298340e-01,8.685683459043502808e-02,6.624690890312194824e-01,-1.034838199615478516e+00,1.272249817848205566e+00
4.081329703330993652e-02,1.068662166595458984e+00,1.044625759124755859e+00,2.503092050552368164e+00,4.341397762298583984e+00,7.587894439697265625e+00,1.055158615112304688e+01,1.310741043090820312e+01,1.488348674774169922e+01,1.839538192749023438e+01,2.100642013549804688e+01,2.168067550659179688e+01,2.247122192382812500e+01,2.135068511962890625e+01,2.125786399841308594e+01,1.944330406188964844e+01,1.903087615966796875e+01,1.640371894836425781e+01,1.475748538970947266e+01,1.313499641418457031e+01,1.122269153594970703e+01,1.024793815612792969e+01,8.972213745117187500e+00,7.646123409271240234e+00,6.849287509918212891e+00,4.087802410125732422e+00,3.036461114883422852e+00,2.309117078781127930e+00,1.949519395828247070e+00,1.930240154266357422e+00,1.144466638565063477e+00,1.079989790916442871e+00,9.713004827499389648e-01,-4.445755109190940857e-02,-1.521481275558471680e-01,1.000573396682739258e+00,5.349439382553100586e-01,6.443669795989990234e-01,7.125037312507629395e-01,-5.003375411033630371e-01,-7.774891704320907593e-02,-3.533972501754760742e-01,-6.875302791595458984e-01,-1.435784548521041870e-01,1.140576526522636414e-01,2.881117463111877441e-01,2.504245191812515259e-02,1.119622439146041870e-01
1.037977635860443115e-03,6.464305520057678223e-01,8.213468194007873535e-01,1.525258183479309082e+00,2.255287885665893555e+00,4.322691440582275391e+00,5.827011585235595703e+00,7.150620937347412109e+00,7.975310325622558594e+00,1.003086566925048828e+01,1.179804039001464844e+01,1.209669971466064453e+01,1.264542293548583984e+01,1.160829448699951172e+01,1.148476409912109375e+01,1.023556900024414062e+01,1.032228279113769531e+01,8.383035659790039062e+00,7.610432147979736328e+00,6.629006862640380859e+00,5.607919692993164062e+00,5.366323471069335938e+00,4.694399356842041016e+00,3.626830339431762695e+00,3.423602342605590820e+00,1.737196922302246094e+00,1.394147038459777832e+00,1.062520265579223633e+00,1.020385980606079102e+00,8.981764316558837891e-01,4.130310714244842529e-01,3.456549644470214844e-01,3.719127476215362549e-01,-3.072685003280639648e-01,-2.307541668415069580e-01,6.633530259132385254e-01,3.772244751453399658e-01,3.759255409240722656e-01,4.554997682571411133e-01,-3.809548020362854004e-01,1.731740236282348633e-01,-2.524409294128417969e-01,-4.208682179450988770e-01,-1.166523620486259460e-02,4.780209809541702271e-02,2.009029239416122437e-01,1.932826638221740723e-01,-7.630807161331176758e-02
-6.753346920013427734e-01,4.402094841003417969e+00,3.045839071273803711e+00,1.088755416870117188e+01,2.323841285705566406e+01,3.634324264526367188e+01,5.251775741577148438e+01,6.607260894775390625e+01,7.806361389160156250e+01,9.232490539550781250e+01,1.023994674682617188e+02,1.061395339965820312e+02,1.087623901367187500e+02,1.082559738159179688e+02,1.094225387573242188e+02,1.024464950561523438e+02,9.789431762695312500e+01,8.951920318603515625e+01,8.051787567138671875e+01,7.319907379150390625e+01,6.343840026855468750e+01,5.644473266601562500e+01,4.936558532714843750e+01,4.594185256958007812e+01,3.953622055053710938e+01,2.813383865356445312e+01,2.012928962707519531e+01,1.390516948699951172e+01,1.106742858886718750e+01,1.294986343383789062e+01,9.435438156127929688e+00,8.492830276489257812e+00,6.839066028594970703e+00,2.056040287017822266e+00,8.999758362770080566e-01,4.295940876007080078e+00,2.532068014144897461e+00,3.371938943862915039e+00,3.337616682052612305e+00,-1.054060935974121094e+00,-1.943661808967590332e+00,-1.502267718315124512e+00,-2.234449386596679688e+00,-1.343105077743530273e+00,1.354024410247802734e-01,1.034548401832580566e+00,-2.226155519485473633e+00,2.283683300018310547e+00
3.336784243583679199e-02,1.186522126197814941e+00,1.075904130935668945e+00,2.772282600402832031e+00,4.981937408447265625e+00,8.568632125854492188e+00,1.196130084991455078e+01,1.489941596984863281e+01,1.704406738281250000e+01,2.091518020629882812e+01,2.375879287719726562e+01,2.452667617797851562e+01,2.537533569335937500e+01,2.428701782226562500e+01,2.424838638305664062e+01,2.227600288391113281e+01,2.171730422973632812e+01,1.891760635375976562e+01,1.702103996276855469e+01,1.520837974548339844e+01,1.302553653717041016e+01,1.181940841674804688e+01,1.035677337646484375e+01,8.987208366394042969e+00,7.981910705566406250e+00,4.924321174621582031e+00,3.611645460128784180e+00,2.727913618087768555e+00,2.259294509887695312e+00,2.328848600387573242e+00,1.448144793510437012e+00,1.362487554550170898e+00,1.187678098678588867e+00,4.735394194722175598e-02,-8.155656605958938599e-02,1.110201001167297363e+00,5.983253717422485352e-01,7.379464507102966309e-01,8.039615154266357422e-01,-5.177825689315795898e-01,-1.682418286800384521e-01,-3.835217952728271484e-01,-7.408621311187744141e-01,-1.909301429986953735e-01,1.362839937210083008e-01,3.029271662235260010e-01,-3.139414638280868530e-02,1.832635551691055298e-01
-4.652370214462280273e-01,3.541865348815917969e+00,2.532623291015625000e+00,8.779693603515625000e+00,1.830142974853515625e+01,2.898352241516113281e+01,4.174765014648437500e+01,5.247051239013671875e+01,6.186268997192382812e+01,7.347633361816406250e+01,8.152427673339843750e+01,8.456957244873046875e+01,8.671977996826171875e+01,8.608120727539062500e+01,8.684277343750000000e+01,8.124053192138671875e+01,7.755259704589843750e+01,7.080380249023437500e+01,6.361096191406250000e+01,5.778175354003906250e+01,5.000279235839843750e+01,4.450745391845703125e+01,3.882559204101562500e+01,3.599246597290039062e+01,3.096333503723144531e+01,2.180511856079101562e+01,1.559262275695800781e+01,1.093220901489257812e+01,8.704764366149902344e+00,9.946641921997070312e+00,7.177119731903076172e+00,6.528950214385986328e+00,5.245596408843994141e+00,1.538324236869812012e+00,5.226861834526062012e-01,3.265522480010986328e+00,1.956526637077331543e+00,2.586843729019165039e+00,2.557675123214721680e+00,-9.273927211761474609e-01,-1.561654686927795410e+00,-1.203529715538024902e+00,-1.923685669898986816e+00,-1.092310547828674316e+00,1.699007749557495117e-01,8.744361996650695801e-01,-1.762548208236694336e+00,1.774301767349243164e+00
4.027666151523590088e-02,1.045476675033569336e+00,1.056166768074035645e+00,2.455212116241455078e+00,4.213897705078125000e+00,7.399006843566894531e+00,1.027253055572509766e+01,1.275437736511230469e+01,1.444488620758056641e+01,1.790130233764648438e+01,2.047451972961425781e+01,2.113232994079589844e+01,2.191378784179687500e+01,2.077775955200195312e+01,2.066024398803710938e+01,1.886890983581542969e+01,1.848780822753906250e+01,1.588704490661621094e+01,1.428094291687011719e+01,1.269249534606933594e+01,1.083274555206298828e+01,9.918403625488281250e+00,8.678785324096679688e+00,7.341458797454833984e+00,6.598077774047851562e+00,3.893695831298828125e+00,2.905782699584960938e+00,2.212401151657104492e+00,1.880482554435729980e+00,1.831452846527099609e+00,1.060231447219848633e+00,1.005138993263244629e+00,9.209724664688110352e-01,-6.788632273674011230e-02,-1.811664104461669922e-01,9.726995825767517090e-01,5.223927497863769531e-01,6.215611696243286133e-01,6.907207965850830078e-01,-5.012395381927490234e-01,-5.563624948263168335e-02,-3.499155044555664062e-01,-6.817123889923095703e-01,-1.321255564689636230e-01,1.024835035204887390e-01,2.840798795223236084e-01,2.833936363458633423e-02,1.004704684019088745e-01
-2.520211637020111084e-01,2.681833744049072266e+00,2.035109043121337891e+00,6.673964023590087891e+00,1.341142749786376953e+01,2.167449760437011719e+01,3.101317596435546875e+01,3.892288970947265625e+01,4.568698883056640625e+01,5.465625381469726562e+01,6.076808547973632812e+01,6.307377243041992188e+01,6.477481079101562500e+01,6.395911788940429688e+01,6.432736968994140625e+01,6.003731536865234375e+01,5.731635284423828125e+01,5.209915542602539062e+01,4.672080230712890625e+01,4.234985351562500000e+01,3.654764556884765625e+01,3.257737350463867188e+01,2.833314895629882812e+01,2.604389762878417969e+01,2.243314361572265625e+01,1.549504852294921875e+01,1.108351802825927734e+01,7.950657367706298828e+00,6.352557659149169922e+00,7.003447055816650391e+00,4.931518077850341797e+00,4.563908576965332031e+00,3.679519653320312500e+00,1.010918259620666504e+00,1.767506003379821777e-01,2.310889482498168945e+00,1.414207339286804199e+00,1.827433586120605469e+00,1.822670817375183105e+00,-8.000760078430175781e-01,-1.139825701713562012e+00,-9.025999307632446289e-01,-1.576457500457763672e+00,-8.086607456207275391e-01,2.046447992324829102e-01,6.975077986717224121e-01,-1.244130611419677734e+00,1.233491420745849609e+00
-1.465493142604827881e-01,2.187334537506103516e+00,1.733742594718933105e+00,5.414771080017089844e+00,1.062615871429443359e+01,1.741224479675292969e+01,2.478049850463867188e+01,3.106962203979492188e+01,3.632484436035156250e+01,4.368677139282226562e+01,4.870004653930664062e+01,5.052023315429687500e+01,5.194227218627929688e+01,5.105564117431640625e+01,5.124890899658203125e+01,4.770764923095703125e+01,4.562648391723632812e+01,4.126991653442382812e+01,3.696205139160156250e+01,3.342986297607421875e+01,2.880215644836425781e+01,2.572585296630859375e+01,2.235635185241699219e+01,2.037877845764160156e+01,1.760844993591308594e+01,1.196036911010742188e+01,8.563369750976562500e+00,6.237514972686767578e+00,5.005191326141357422e+00,5.402136325836181641e+00,3.713509082794189453e+00,3.484772443771362305e+00,2.831501960754394531e+00,7.228526473045349121e-01,4.983394593000411987e-02,1.843054890632629395e+00,1.136157035827636719e+00,1.432894706726074219e+00,1.446280837059020996e+00,-7.272062301635742188e-01,-8.608022928237915039e-01,-7.260075807571411133e-01,-1.332971215248107910e+00,-6.259782314300537109e-01,1.963285803794860840e-01,5.772785544395446777e-01,-8.987368941307067871e-01,9.130262136459350586e-01
3.886783123016357422e-02,1.079132437705993652e+00,1.048714160919189453e+00,2.523070812225341797e+00,4.398449897766113281e+00,7.666509628295898438e+00,1.066222381591796875e+01,1.325474643707275391e+01,1.505928993225097656e+01,1.859746932983398438e+01,2.123024177551269531e+01,2.190270423889160156e+01,2.269511795043945312e+01,2.158319473266601562e+01,2.149375534057617188e+01,1.966651153564453125e+01,1.924456214904785156e+01,1.660597038269042969e+01,1.493472862243652344e+01,1.329519271850585938e+01,1.136447143554687500e+01,1.037714576721191406e+01,9.085502624511718750e+00,7.753465652465820312e+00,6.943044662475585938e+00,4.160899639129638672e+00,3.085288286209106445e+00,2.340422630310058594e+00,1.975128889083862305e+00,1.962516188621520996e+00,1.171174883842468262e+00,1.104302644729614258e+00,9.892134666442871094e-01,-3.395191952586174011e-02,-1.447616517543792725e-01,1.010983109474182129e+00,5.390372276306152344e-01,6.527554988861083984e-01,7.207101583480834961e-01,-5.061635375022888184e-01,-8.351107686758041382e-02,-3.606525659561157227e-01,-6.913539171218872070e-01,-1.478202491998672485e-01,1.142970547080039978e-01,2.862456142902374268e-01,2.460459619760513306e-02,1.182249337434768677e-01
3.959785401821136475e-02,1.066365957260131836e+00,1.045250296592712402e+00,2.515277385711669922e+00,4.383584976196289062e+00,7.640830993652343750e+00,1.062462043762207031e+01,1.321151447296142578e+01,1.502654170989990234e+01,1.856527900695800781e+01,2.115429496765136719e+01,2.185208702087402344e+01,2.263932800292968750e+01,2.154557609558105469e+01,2.144860267639160156e+01,1.963999938964843750e+01,1.917964172363281250e+01,1.658688163757324219e+01,1.490641117095947266e+01,1.327632617950439453e+01,1.134358024597167969e+01,1.034044075012207031e+01,9.038793563842773438e+00,7.719676017761230469e+00,6.903870582580566406e+00,4.148923873901367188e+00,3.066015481948852539e+00,2.341077089309692383e+00,1.969045519828796387e+00,1.939724564552307129e+00,1.146536231040954590e+00,1.095549106597900391e+00,9.796172380447387695e-01,-2.821912989020347595e-02,-1.536736190319061279e-01,9.803270697593688965e-01,5.298175811767578125e-01,6.396939158439636230e-01,7.029731869697570801e-01,-5.023754835128784180e-01,-1.056524738669395447e-01,-3.539850115776062012e-01,-6.961191892623901367e-01,-1.556963026523590088e-01,1.136460229754447937e-01,2.899442613124847412e-01,-1.456042379140853882e-02,1.392805129289627075e-01
4.212158918380737305e-02,9.746761322021484375e-01,9.509176611900329590e-01,2.271025419235229492e+00,3.907341241836547852e+00,6.858192920684814453e+00,9.527389526367187500e+00,1.181280994415283203e+01,1.339912128448486328e+01,1.655017280578613281e+01,1.894766235351562500e+01,1.953357696533203125e+01,2.026893615722656250e+01,1.919373703002929688e+01,1.912381362915039062e+01,1.745815849304199219e+01,1.715657424926757812e+01,1.471537208557128906e+01,1.326371669769287109e+01,1.179663848876953125e+01,1.008708477020263672e+01,9.227556228637695312e+00,8.103564262390136719e+00,6.881906986236572266e+00,6.190205097198486328e+00,3.656586170196533203e+00,2.724772691726684570e+00,2.069510698318481445e+00,1.754217863082885742e+00,1.755712747573852539e+00,1.045660972595214844e+00,9.738477468490600586e-01,8.706941008567810059e-01,-6.364707648754119873e-02,-1.308171749114990234e-01,9.404375553131103516e-01,4.929566085338592529e-01,6.023881435394287109e-01,6.652766466140747070e-01,-4.465479254722595215e-01,-3.463270515203475952e-02,-3.281553983688354492e-01,-6.124675869941711426e-01,-1.124619096517562866e-01,1.118710562586784363e-01,2.635559737682342529e-01,7.659939676523208618e-02,6.211938336491584778e-02
-4.340740144252777100e-01,3.199398756027221680e+00,2.216718912124633789e+00,7.704845905303955078e+00,1.626168251037597656e+01,2.561678886413574219e+01,3.696913528442382812e+01,4.643443679809570312e+01,5.475570678710937500e+01,6.487855529785156250e+01,7.214281463623046875e+01,7.468869781494140625e+01,7.660785675048828125e+01,7.594780731201171875e+01,7.675846862792968750e+01,7.173082733154296875e+01,6.876596069335937500e+01,6.255475234985351562e+01,5.634548187255859375e+01,5.114387130737304688e+01,4.432917404174804688e+01,3.951670455932617188e+01,3.463567352294921875e+01,3.205260086059570312e+01,2.768052864074707031e+01,1.945387458801269531e+01,1.396837997436523438e+01,9.701531410217285156e+00,7.723562240600585938e+00,9.065650939941406250e+00,6.561954498291015625e+00,5.923831939697265625e+00,4.801149368286132812e+00,1.332302093505859375e+00,6.553497910499572754e-01,3.180864810943603516e+00,1.820430874824523926e+00,2.466818332672119141e+00,2.430060863494873047e+00,-8.234786987304687500e-01,-1.258543491363525391e+00,-1.056700348854064941e+00,-1.621680259704589844e+00,-8.768436312675476074e-01,1.177700683474540710e-01,7.523077130317687988e-01,-1.347585082054138184e+00,1.495795249938964844e+00
-9.129866957664489746e-04,6.116490364074707031e-01,7.966133952140808105e-01,1.456500530242919922e+00,2.111672639846801758e+00,4.090878486633300781e+00,5.505121707916259766e+00,6.740195751190185547e+00,7.514856338500976562e+00,9.469786643981933594e+00,1.115798187255859375e+01,1.144416522979736328e+01,1.197373962402343750e+01,1.096057224273681641e+01,1.083412647247314453e+01,9.631033897399902344e+00,9.726175308227539062e+00,7.868371486663818359e+00,7.150197505950927734e+00,6.210146427154541016e+00,5.251916885375976562e+00,5.044240951538085938e+00,4.403100967407226562e+00,3.370082378387451172e+00,3.197249650955200195e+00,1.593025088310241699e+00,1.285356879234313965e+00,9.893347024917602539e-01,9.575625061988830566e-01,8.253258466720581055e-01,3.618798255920410156e-01,3.033878207206726074e-01,3.357517719268798828e-01,-3.186885118484497070e-01,-2.353308945894241333e-01,6.251571774482727051e-01,3.620037138462066650e-01,3.567727804183959961e-01,4.280829429626464844e-01,-3.702445030212402344e-01,1.721585094928741455e-01,-2.411582767963409424e-01,-4.046299755573272705e-01,-6.845902651548385620e-03,4.483606666326522827e-02,1.973948776721954346e-01,1.847316920757293701e-01,-7.561618089675903320e-02
-5.807194709777832031e-01,4.280061244964599609e+00,3.183129072189331055e+00,1.105412006378173828e+01,2.281653976440429688e+01,3.623482894897460938e+01,5.209459304809570312e+01,6.557900238037109375e+01,7.733957672119140625e+01,9.204576110839843750e+01,1.018171997070312500e+02,1.058680343627929688e+02,1.084980239868164062e+02,1.079603118896484375e+02,1.087255096435546875e+02,1.018534622192382812e+02,9.671579742431640625e+01,8.878403472900390625e+01,7.950440979003906250e+01,7.230607604980468750e+01,6.244655609130859375e+01,5.547777175903320312e+01,4.811177062988281250e+01,4.476603317260742188e+01,3.832251739501953125e+01,2.717169952392578125e+01,1.932435226440429688e+01,1.362716579437255859e+01,1.086165237426757812e+01,1.206249237060546875e+01,8.671713829040527344e+00,7.933784484863281250e+00,6.294950962066650391e+00,2.002447128295898438e+00,3.531814217567443848e-01,3.573867082595825195e+00,2.300453186035156250e+00,2.932561874389648438e+00,2.924213647842407227e+00,-1.124502658843994141e+00,-2.168641805648803711e+00,-1.530696749687194824e+00,-2.497392177581787109e+00,-1.520076870918273926e+00,2.649689912796020508e-01,1.114764690399169922e+00,-2.610864877700805664e+00,2.378458261489868164e+00
-2.314893007278442383e-01,2.625285863876342773e+00,2.031237125396728516e+00,6.586772918701171875e+00,1.315592861175537109e+01,2.133757400512695312e+01,3.047005462646484375e+01,3.825065994262695312e+01,4.485420989990234375e+01,5.375073623657226562e+01,5.976126480102539062e+01,6.205593109130859375e+01,6.373559951782226562e+01,6.290703582763671875e+01,6.320959472656250000e+01,5.897963714599609375e+01,5.626068115234375000e+01,5.114976501464843750e+01,4.581501388549804688e+01,4.151597976684570312e+01,3.579784393310546875e+01,3.190792083740234375e+01,2.770915031433105469e+01,2.544067382812500000e+01,2.190773963928222656e+01,1.509719467163085938e+01,1.078782653808593750e+01,7.776469707489013672e+00,6.221874237060546875e+00,6.781180858612060547e+00,4.740021705627441406e+00,4.409369945526123047e+00,3.551069259643554688e+00,9.873808026313781738e-01,1.063738390803337097e-01,2.205288410186767578e+00,1.369633674621582031e+00,1.742969870567321777e+00,1.749056935310363770e+00,-8.039623498916625977e-01,-1.137391209602355957e+00,-8.876364231109619141e-01,-1.575024366378784180e+00,-8.078309297561645508e-01,2.158491611480712891e-01,6.878704428672790527e-01,-1.253588438034057617e+00,1.210065126419067383e+00
3.821416199207305908e-02,1.074599266052246094e+00,9.908410310745239258e-01,2.465957641601562500e+00,4.360360145568847656e+00,7.560550689697265625e+00,1.053996276855468750e+01,1.309575462341308594e+01,1.492530250549316406e+01,1.834765052795410156e+01,2.094222259521484375e+01,2.157950210571289062e+01,2.236278152465820312e+01,2.128667640686035156e+01,2.125088500976562500e+01,1.945108222961425781e+01,1.907549667358398438e+01,1.646756553649902344e+01,1.484579658508300781e+01,1.323073959350585938e+01,1.133955669403076172e+01,1.033144474029541016e+01,9.085049629211425781e+00,7.801768779754638672e+00,6.980287551879882812e+00,4.215792179107666016e+00,3.120537042617797852e+00,2.352976799011230469e+00,1.972309231758117676e+00,2.037234067916870117e+00,1.252971291542053223e+00,1.166462779045104980e+00,1.027960896492004395e+00,-1.593562588095664978e-02,-7.767225056886672974e-02,1.041990995407104492e+00,5.473566055297851562e-01,6.784255504608154297e-01,7.389562129974365234e-01,-4.768165946006774902e-01,-8.072259277105331421e-02,-3.501816391944885254e-01,-6.596949100494384766e-01,-1.361454725265502930e-01,1.181342527270317078e-01,2.736480534076690674e-01,6.202066689729690552e-02,1.062517911195755005e-01
-1.025593429803848267e-01,1.954728722572326660e+00,1.547220230102539062e+00,4.708505630493164062e+00,9.149257659912109375e+00,1.509614562988281250e+01,2.145736885070800781e+01,2.685074996948242188e+01,3.130664634704589844e+01,3.772547531127929688e+01,4.221211624145507812e+01,4.372594833374023438e+01,4.500624465942382812e+01,4.403647613525390625e+01,4.420334243774414062e+01,4.105943298339843750e+01,3.944136810302734375e+01,3.542976760864257812e+01,3.180008888244628906e+01,2.870042228698730469e+01,2.472569084167480469e+01,2.214951705932617188e+01,1.931342315673828125e+01,1.747690773010253906e+01,1.517012596130371094e+01,1.014743137359619141e+01,7.309230804443359375e+00,5.340550899505615234e+00,4.294860839843750000e+00,4.672649860382080078e+00,3.184420108795166016e+00,2.981967687606811523e+00,2.456614017486572266e+00,5.432325005531311035e-01,5.989079922437667847e-02,1.722078323364257812e+00,1.014429926872253418e+00,1.303772330284118652e+00,1.316169738769531250e+00,-6.671584844589233398e-01,-6.568974256515502930e-01,-6.282263994216918945e-01,-1.170666337013244629e+00,-4.862861633300781250e-01,1.788247823715209961e-01,5.013178586959838867e-01,-6.161065101623535156e-01,7.038106918334960938e-01
-4.383179545402526855e-02,1.642750024795532227e+00,1.332700014114379883e+00,3.873149394989013672e+00,7.380990028381347656e+00,1.232711505889892578e+01,1.745118904113769531e+01,2.179571533203125000e+01,2.531649398803710938e+01,3.063348007202148438e+01,3.441159057617187500e+01,3.558535385131835938e+01,3.668565750122070312e+01,3.568542098999023438e+01,3.579018783569335938e+01,3.314048767089843750e+01,3.197072601318359375e+01,2.849754905700683594e+01,2.559192466735839844e+01,2.303595161437988281e+01,1.983371162414550781e+01,1.782538032531738281e+01,1.558079051971435547e+01,1.395461559295654297e+01,1.217585849761962891e+01,7.984267711639404297e+00,5.775598526000976562e+00,4.262574195861816406e+00,3.445519685745239258e+00,3.725030422210693359e+00,2.488032817840576172e+00,2.340024232864379883e+00,1.956321001052856445e+00,3.574281632900238037e-01,2.865814603865146637e-02,1.475592613220214844e+00,8.505626916885375977e-01,1.087261676788330078e+00,1.107943415641784668e+00,-6.059363484382629395e-01,-4.599752724170684814e-01,-5.207000970840454102e-01,-9.890662431716918945e-01,-3.576113283634185791e-01,1.629685461521148682e-01,4.201780855655670166e-01,-3.630843162536621094e-01,4.946560263633728027e-01
1.978768408298492432e-02,8.004472851753234863e-01,9.359242320060729980e-01,1.886659979820251465e+00,2.971188783645629883e+00,5.470630645751953125e+00,7.491258144378662109e+00,9.237884521484375000e+00,1.033124351501464844e+01,1.293192005157470703e+01,1.504942035675048828e+01,1.545323085784912109e+01,1.609891700744628906e+01,1.499056720733642578e+01,1.485141754150390625e+01,1.337247371673583984e+01,1.334312248229980469e+01,1.108467102050781250e+01,1.002082061767578125e+01,8.805150985717773438e+00,7.482542991638183594e+00,7.008648395538330078e+00,6.158342838287353516e+00,4.942660331726074219e+00,4.571193695068359375e+00,2.477539777755737305e+00,1.935766220092773438e+00,1.468448758125305176e+00,1.324980974197387695e+00,1.226067543029785156e+00,6.314469575881958008e-01,5.533325672149658203e-01,5.748429298400878906e-01,-2.405004799365997314e-01,-2.229770421981811523e-01,7.954717278480529785e-01,4.464266002178192139e-01,4.773906171321868896e-01,5.685089230537414551e-01,-4.359208941459655762e-01,1.222613528370857239e-01,-2.856299877166748047e-01,-5.328523516654968262e-01,-5.009278282523155212e-02,7.162263244390487671e-02,2.394760698080062866e-01,1.582959592342376709e-01,-3.277326747775077820e-02
-3.559238612651824951e-01,2.921822547912597656e+00,2.049817323684692383e+00,6.947210311889648438e+00,1.463672733306884766e+01,2.312444305419921875e+01,3.328689956665039062e+01,4.179244232177734375e+01,4.917768859863281250e+01,5.833781051635742188e+01,6.506451416015625000e+01,6.724890899658203125e+01,6.903508758544921875e+01,6.826371002197265625e+01,6.898054504394531250e+01,6.432662963867187500e+01,6.189886093139648438e+01,5.604922103881835938e+01,5.050211334228515625e+01,4.576221084594726562e+01,3.966313171386718750e+01,3.542137908935546875e+01,3.113468933105468750e+01,2.866474723815917969e+01,2.484940338134765625e+01,1.733465194702148438e+01,1.248229598999023438e+01,8.662790298461914062e+00,6.922302246093750000e+00,8.181187629699707031e+00,5.863901615142822266e+00,5.288918495178222656e+00,4.343094825744628906e+00,1.139892458915710449e+00,6.319466233253479004e-01,3.016905069351196289e+00,1.708370208740234375e+00,2.276364326477050781e+00,2.267809152603149414e+00,-7.960268259048461914e-01,-1.028267264366149902e+00,-9.429684877395629883e-01,-1.443153023719787598e+00,-7.276662588119506836e-01,1.016486808657646179e-01,6.579337716102600098e-01,-1.037649631500244141e+00,1.245712399482727051e+00
3.854699432849884033e-02,1.102493882179260254e+00,1.011434793472290039e+00,2.579491138458251953e+00,4.586390495300292969e+00,7.934513092041015625e+00,1.106596851348876953e+01,1.375611019134521484e+01,1.571872234344482422e+01,1.931415748596191406e+01,2.197068977355957031e+01,2.268475532531738281e+01,2.348853111267089844e+01,2.241646385192871094e+01,2.238093566894531250e+01,2.054055023193359375e+01,2.005409622192382812e+01,1.740985298156738281e+01,1.568896007537841797e+01,1.400206375122070312e+01,1.199316883087158203e+01,1.089106178283691406e+01,9.547651290893554688e+00,8.253885269165039062e+00,7.348428726196289062e+00,4.487668991088867188e+00,3.297342538833618164e+00,2.507809400558471680e+00,2.082170009613037109e+00,2.137070178985595703e+00,1.321639418601989746e+00,1.240213990211486816e+00,1.078028917312622070e+00,1.543960347771644592e-02,-8.679196983575820923e-02,1.043027043342590332e+00,5.492091178894042969e-01,6.900517344474792480e-01,7.474647760391235352e-01,-4.795414805412292480e-01,-1.337765753269195557e-01,-3.587131500244140625e-01,-6.936288475990295410e-01,-1.679180264472961426e-01,1.359409093856811523e-01,2.890192866325378418e-01,4.336014389991760254e-04,1.475356072187423706e-01
-1.737011075019836426e-01,2.062371969223022461e+00,1.515290498733520508e+00,4.811994552612304688e+00,9.759390830993652344e+00,1.574650192260742188e+01,2.253614997863769531e+01,2.822140693664550781e+01,3.304296112060546875e+01,3.947237777709960938e+01,4.418018722534179688e+01,4.564597320556640625e+01,4.694536209106445312e+01,4.607140731811523438e+01,4.644908523559570312e+01,4.318127441406250000e+01,4.166170501708984375e+01,3.742435836791992188e+01,3.373304748535156250e+01,3.047528266906738281e+01,2.636931610107421875e+01,2.362346267700195312e+01,2.075772666931152344e+01,1.888770866394042969e+01,1.644358634948730469e+01,1.118247222900390625e+01,8.076707839965820312e+00,5.724254131317138672e+00,4.589529514312744141e+00,5.299959182739257812e+00,3.715458393096923828e+00,3.392793416976928711e+00,2.804623603820800781e+00,6.233825087547302246e-01,3.129161596298217773e-01,2.052757501602172852e+00,1.147594690322875977e+00,1.533637046813964844e+00,1.529250144958496094e+00,-6.376628875732421875e-01,-6.280246376991271973e-01,-6.564593315124511719e-01,-1.092519044876098633e+00,-4.588685035705566406e-01,1.188170239329338074e-01,4.844143688678741455e-01,-5.511826276779174805e-01,7.385141253471374512e-01
-7.957127690315246582e-02,1.935213685035705566e+00,1.588736772537231445e+00,4.756508827209472656e+00,9.151894569396972656e+00,1.518663215637207031e+01,2.150776290893554688e+01,2.694276809692382812e+01,3.138228607177734375e+01,3.793017196655273438e+01,4.239504241943359375e+01,4.395922470092773438e+01,4.525053787231445312e+01,4.428741836547851562e+01,4.437534713745117188e+01,4.121356964111328125e+01,3.948470306396484375e+01,3.553512954711914062e+01,3.179718780517578125e+01,2.869451904296875000e+01,2.468434715270996094e+01,2.209339714050292969e+01,1.919457244873046875e+01,1.734557151794433594e+01,1.503679752349853516e+01,1.005009078979492188e+01,7.206931114196777344e+00,5.320229053497314453e+00,4.287862777709960938e+00,4.544198513031005859e+00,3.049620151519775391e+00,2.897097110748291016e+00,2.377076625823974609e+00,5.527976751327514648e-01,-2.776736579835414886e-02,1.610846281051635742e+00,9.893144369125366211e-01,1.219916343688964844e+00,1.253188252449035645e+00,-7.025370597839355469e-01,-7.038897275924682617e-01,-6.340626478195190430e-01,-1.214979410171508789e+00,-5.218362808227539062e-01,1.935366392135620117e-01,5.097925066947937012e-01,-6.976902484893798828e-01,7.291517257690429688e-01
-3.610898554325103760e-02,1.739710927009582520e+00,1.461045622825622559e+00,4.211510181427001953e+00,7.961580276489257812e+00,1.335852909088134766e+01,1.884744453430175781e+01,2.357962608337402344e+01,2.737155151367187500e+01,3.321897125244140625e+01,3.724522781372070312e+01,3.858856201171875000e+01,3.977154159545898438e+01,3.874634170532226562e+01,3.876955413818359375e+01,3.592102813720703125e+01,3.450609970092773438e+01,3.087391662597656250e+01,2.762934303283691406e+01,2.486893272399902344e+01,2.136919212341308594e+01,1.917625808715820312e+01,1.666796112060546875e+01,1.493441009521484375e+01,1.299077701568603516e+01,8.526371955871582031e+00,6.143006801605224609e+00,4.586240291595458984e+00,3.709439754486083984e+00,3.890174150466918945e+00,2.546432495117187500e+00,2.444844007492065430e+00,2.036626577377319336e+00,4.092011749744415283e-01,-6.638348847627639771e-02,1.454040765762329102e+00,8.805514574050903320e-01,1.079322099685668945e+00,1.114915609359741211e+00,-6.703549623489379883e-01,-5.685657262802124023e-01,-5.545561313629150391e-01,-1.111011266708374023e+00,-4.233467280864715576e-01,1.873033642768859863e-01,4.576657116413116455e-01,-5.180312991142272949e-01,5.853115916252136230e-01
-3.170139491558074951e-01,2.837752819061279297e+00,1.974345684051513672e+00,6.535615921020507812e+00,1.401603031158447266e+01,2.200445365905761719e+01,3.163943099975585938e+01,3.972245025634765625e+01,4.665309906005859375e+01,5.523046875000000000e+01,6.194609832763671875e+01,6.376388931274414062e+01,6.552767944335937500e+01,6.463812255859375000e+01,6.540493774414062500e+01,6.079045867919921875e+01,5.896000671386718750e+01,5.300291824340820312e+01,4.781722640991210938e+01,4.322927856445312500e+01,3.752169036865234375e+01,3.362216186523437500e+01,2.976493644714355469e+01,2.725041961669921875e+01,2.380283355712890625e+01,1.653423881530761719e+01,1.197541809082031250e+01,8.175027847290039062e+00,6.583338737487792969e+00,8.046594619750976562e+00,5.706749439239501953e+00,5.110424041748046875e+00,4.291219234466552734e+00,1.061182856559753418e+00,8.039585947990417480e-01,3.263437747955322266e+00,1.806823730468750000e+00,2.326393365859985352e+00,2.359809637069702148e+00,-8.207204341888427734e-01,-7.845596075057983398e-01,-8.657116889953613281e-01,-1.245581984519958496e+00,-5.642043352127075195e-01,3.778719156980514526e-02,5.736221075057983398e-01,-6.675772070884704590e-01,1.039435029029846191e+00
-2.363109886646270752e-01,2.566733360290527344e+00,1.907757163047790527e+00,6.175432205200195312e+00,1.262324523925781250e+01,2.026879310607910156e+01,2.901226043701171875e+01,3.640197753906250000e+01,4.269322204589843750e+01,5.096403884887695312e+01,5.687375259399414062e+01,5.884425735473632812e+01,6.045816802978515625e+01,5.959768295288085938e+01,6.004719161987304688e+01,5.592369842529296875e+01,5.372511291503906250e+01,4.856518936157226562e+01,4.363609313964843750e+01,3.949235534667968750e+01,3.414795684814453125e+01,3.051121902465820312e+01,2.671228027343750000e+01,2.445866203308105469e+01,2.119398498535156250e+01,1.459142684936523438e+01,1.049118041992187500e+01,7.420878887176513672e+00,5.945870399475097656e+00,6.782591819763183594e+00,4.773778438568115234e+00,4.375459194183349609e+00,3.591459751129150391e+00,9.244363903999328613e-01,3.533142209053039551e-01,2.463745594024658203e+00,1.441954493522644043e+00,1.860755324363708496e+00,1.868655443191528320e+00,-7.851848602294921875e-01,-9.181936979293823242e-01,-8.282836675643920898e-01,-1.385364770889282227e+00,-6.671190261840820312e-01,1.405449509620666504e-01,6.131193041801452637e-01,-9.198501706123352051e-01,1.056122303009033203e+00
4.448100924491882324e-03,1.416710376739501953e+00,1.228049516677856445e+00,3.364628314971923828e+00,6.204897880554199219e+00,1.054442405700683594e+01,1.481144618988037109e+01,1.848341751098632812e+01,2.131872749328613281e+01,2.600630950927734375e+01,2.933015632629394531e+01,3.033995628356933594e+01,3.132500839233398438e+01,3.026773071289062500e+01,3.025604057312011719e+01,2.792735862731933594e+01,2.700339508056640625e+01,2.387207794189453125e+01,2.142009925842285156e+01,1.921532249450683594e+01,1.648863220214843750e+01,1.486703491210937500e+01,1.296858787536621094e+01,1.145577621459960938e+01,1.005677890777587891e+01,6.411777496337890625e+00,4.657088279724121094e+00,3.505498409271240234e+00,2.862110137939453125e+00,2.975213766098022461e+00,1.906276345252990723e+00,1.820510387420654297e+00,1.543615818023681641e+00,2.056141793727874756e-01,-7.375998049974441528e-02,1.249387502670288086e+00,7.115907669067382812e-01,8.825308084487915039e-01,9.284912943840026855e-01,-5.784598588943481445e-01,-3.405112922191619873e-01,-4.498285055160522461e-01,-8.958339691162109375e-01,-2.897595465183258057e-01,1.613503098487854004e-01,3.699901401996612549e-01,-2.392565906047821045e-01,3.536948859691619873e-01
-8.475966751575469971e-03,5.155076980590820312e-01,7.361690998077392578e-01,1.262671113014221191e+00,1.686103224754333496e+00,3.427645444869995117e+00,4.579266071319580078e+00,5.554416656494140625e+00,6.178754806518554688e+00,7.853137493133544922e+00,9.316231727600097656e+00,9.574276924133300781e+00,1.004534339904785156e+01,9.095123291015625000e+00,8.953822135925292969e+00,7.878411293029785156e+00,8.002799987792968750e+00,6.367260456085205078e+00,5.812600135803222656e+00,4.992232322692871094e+00,4.209200859069824219e+00,4.107222080230712891e+00,3.554195404052734375e+00,2.608581304550170898e+00,2.527195453643798828e+00,1.160147309303283691e+00,9.608699083328247070e-01,7.741413712501525879e-01,7.736379504203796387e-01,6.075070500373840332e-01,2.071978747844696045e-01,1.715994775295257568e-01,2.263244092464447021e-01,-3.602411150932312012e-01,-2.595883607864379883e-01,5.192273259162902832e-01,3.154912292957305908e-01,3.026417195796966553e-01,3.424033522605895996e-01,-3.429423570632934570e-01,1.747768819332122803e-01,-2.166716158390045166e-01,-3.629561066627502441e-01,6.786022335290908813e-03,3.627117723226547241e-02,1.865152120590209961e-01,1.636172235012054443e-01,-7.732378691434860229e-02
-1.185827851295471191e-01,1.806407928466796875e+00,1.362772583961486816e+00,4.190558433532714844e+00,8.327857971191406250e+00,1.358650112152099609e+01,1.938445472717285156e+01,2.423903846740722656e+01,2.830601692199707031e+01,3.394133377075195312e+01,3.805715179443359375e+01,3.931457138061523438e+01,4.047227096557617188e+01,3.956611251831054688e+01,3.984236526489257812e+01,3.698018646240234375e+01,3.572441864013671875e+01,3.196042060852050781e+01,2.880882644653320312e+01,2.598618698120117188e+01,2.246208190917968750e+01,2.015807342529296875e+01,1.770674133300781250e+01,1.601450538635253906e+01,1.396591663360595703e+01,9.375699043273925781e+00,6.780191421508789062e+00,4.859474658966064453e+00,3.905275106430053711e+00,4.446071147918701172e+00,3.078897953033447266e+00,2.827840566635131836e+00,2.345468044281005859e+00,4.708352982997894287e-01,2.116318345069885254e-01,1.762966871261596680e+00,9.790021181106567383e-01,1.311777591705322266e+00,1.310891151428222656e+00,-5.911411046981811523e-01,-5.115406513214111328e-01,-5.750907659530639648e-01,-9.905214309692382812e-01,-3.812380433082580566e-01,1.283796429634094238e-01,4.335831105709075928e-01,-4.108169376850128174e-01,5.891745090484619141e-01
3.804594278335571289e-02,9.187896251678466797e-01,9.159799814224243164e-01,2.115599632263183594e+00,3.574315547943115234e+00,6.329914569854736328e+00,8.776844024658203125e+00,1.085991573333740234e+01,1.227381229400634766e+01,1.518209552764892578e+01,1.747298431396484375e+01,1.797353553771972656e+01,1.867564773559570312e+01,1.760189819335937500e+01,1.753487014770507812e+01,1.594449520111083984e+01,1.576944541931152344e+01,1.339931869506835938e+01,1.210281467437744141e+01,1.073635101318359375e+01,9.178057670593261719e+00,8.443065643310546875e+00,7.441985607147216797e+00,6.248410701751708984e+00,5.661707878112792969e+00,3.276024341583251953e+00,2.474651098251342773e+00,1.864584684371948242e+00,1.602018594741821289e+00,1.611101865768432617e+00,9.488432407379150391e-01,8.646541237831115723e-01,7.888990640640258789e-01,-1.079600751399993896e-01,-1.292786300182342529e-01,9.138296842575073242e-01,4.767661392688751221e-01,5.763100385665893555e-01,6.450600624084472656e-01,-4.239220023155212402e-01,2.511692605912685394e-02,-3.110174238681793213e-01,-5.685802698135375977e-01,-8.256715536117553711e-02,1.011998578906059265e-01,2.482507377862930298e-01,1.317368149757385254e-01,1.383842714130878448e-02
-8.929618597030639648e-01,5.501746177673339844e+00,3.618628025054931641e+00,1.338349819183349609e+01,2.926745986938476562e+01,4.537518692016601562e+01,6.569252777099609375e+01,8.275458526611328125e+01,9.790911865234375000e+01,1.155426788330078125e+02,1.280913696289062500e+02,1.326711425781250000e+02,1.359867401123046875e+02,1.355846252441406250e+02,1.372233276367187500e+02,1.284629211425781250e+02,1.228767242431640625e+02,1.124235305786132812e+02,1.011963424682617188e+02,9.207683563232421875e+01,7.982796478271484375e+01,7.097608947753906250e+01,6.223348999023437500e+01,5.808015823364257812e+01,4.996734237670898438e+01,3.583541107177734375e+01,2.560741424560546875e+01,1.748166656494140625e+01,1.390438747406005859e+01,1.658867073059082031e+01,1.220662212371826172e+01,1.088671112060546875e+01,8.753484725952148438e+00,2.744312047958374023e+00,1.392834901809692383e+00,5.586182594299316406e+00,3.290598869323730469e+00,4.358832836151123047e+00,4.322642803192138672e+00,-1.231012582778930664e+00,-2.357706069946289062e+00,-1.836040616035461426e+00,-2.638753175735473633e+00,-1.646231055259704590e+00,6.310784071683883667e-02,1.249354243278503418e+00,-2.793264865875244141e+00,2.907170772552490234e+00
-6.760507822036743164e-03,5.508307814598083496e-01,7.681891918182373047e-01,1.338771462440490723e+00,1.832289576530456543e+00,3.674583435058593750e+00,4.919290065765380859e+00,5.983520984649658203e+00,6.656040191650390625e+00,8.445635795593261719e+00,1.000333309173583984e+01,1.027583026885986328e+01,1.077001285552978516e+01,9.784394264221191406e+00,9.639542579650878906e+00,8.507323265075683594e+00,8.625228881835937500e+00,6.896929264068603516e+00,6.286269664764404297e+00,5.414038181304931641e+00,4.564911842346191406e+00,4.436450958251953125e+00,3.847960948944091797e+00,2.855717420578002930e+00,2.748601913452148438e+00,1.290075182914733887e+00,1.063354611396789551e+00,8.451517224311828613e-01,8.360835909843444824e-01,6.738000512123107910e-01,2.491514980792999268e-01,2.043501287698745728e-01,2.598821222782135010e-01,-3.589953482151031494e-01,-2.616971135139465332e-01,5.582389235496520996e-01,3.328329324722290039e-01,3.218517005443572998e-01,3.697487711906433105e-01,-3.565257191658020020e-01,1.778200268745422363e-01,-2.272375226020812988e-01,-3.813245594501495361e-01,2.862174063920974731e-03,3.826812654733657837e-02,1.918769478797912598e-01,1.709582209587097168e-01,-7.817242294549942017e-02
-6.419855356216430664e-01,4.508571624755859375e+00,3.290727853775024414e+00,1.159635925292968750e+01,2.412119293212890625e+01,3.815197372436523438e+01,5.494591903686523438e+01,6.916419982910156250e+01,8.166651916503906250e+01,9.700498962402343750e+01,1.072807083129882812e+02,1.115292892456054688e+02,1.142810592651367188e+02,1.137985153198242188e+02,1.147042083740234375e+02,1.075017776489257812e+02,1.021160125732421875e+02,9.377890777587890625e+01,8.405490875244140625e+01,7.647935485839843750e+01,6.609771728515625000e+01,5.870719146728515625e+01,5.096688461303710938e+01,4.749665451049804688e+01,4.065773391723632812e+01,2.890963935852050781e+01,2.057414817810058594e+01,1.444637966156005859e+01,1.150298500061035156e+01,1.289636611938476562e+01,9.326998710632324219e+00,8.499402046203613281e+00,6.743684768676757812e+00,2.144946098327636719e+00,4.731736779212951660e-01,3.853378534317016602e+00,2.445700645446777344e+00,3.158997058868408203e+00,3.130772590637207031e+00,-1.131594419479370117e+00,-2.281441450119018555e+00,-1.611426711082458496e+00,-2.573171854019165039e+00,-1.586076617240905762e+00,2.524832487106323242e-01,1.162751078605651855e+00,-2.747561454772949219e+00,2.529268503189086914e+00
-2.707742154598236084e-02,1.630603432655334473e+00,1.358661174774169922e+00,3.919074535369873047e+00,7.389912128448486328e+00,1.242042541503906250e+01,1.752228164672851562e+01,2.190520286560058594e+01,2.541705131530761719e+01,3.083769226074218750e+01,3.461550903320312500e+01,3.583759689331054688e+01,3.694990158081054688e+01,3.594688034057617188e+01,3.598408126831054688e+01,3.331479644775390625e+01,3.206337738037109375e+01,2.862395858764648438e+01,2.563897514343261719e+01,2.307509422302246094e+01,1.983324241638183594e+01,1.780898475646972656e+01,1.550608825683593750e+01,1.387433433532714844e+01,1.209014415740966797e+01,7.902346611022949219e+00,5.700041770935058594e+00,4.256784439086914062e+00,3.444698333740234375e+00,3.632750749588012695e+00,2.387259960174560547e+00,2.278811216354370117e+00,1.898451328277587891e+00,3.634089827537536621e-01,-4.179043322801589966e-02,1.391943454742431641e+00,8.320355415344238281e-01,1.029143333435058594e+00,1.062663555145263672e+00,-6.254314184188842773e-01,-4.975809156894683838e-01,-5.186183452606201172e-01,-1.024133920669555664e+00,-3.808364570140838623e-01,1.824887990951538086e-01,4.294461309909820557e-01,-4.276680052280426025e-01,5.107443928718566895e-01
-4.590731263160705566e-01,3.439406871795654297e+00,2.436702489852905273e+00,8.435986518859863281e+00,1.766225051879882812e+01,2.791658592224121094e+01,4.022780227661132812e+01,5.055490493774414062e+01,5.959365081787109375e+01,7.073245239257812500e+01,7.855325317382812500e+01,8.142978668212890625e+01,8.350335693359375000e+01,8.284613037109375000e+01,8.362715148925781250e+01,7.819678497314453125e+01,7.476624298095703125e+01,6.816339874267578125e+01,6.129417800903320312e+01,5.565516281127929688e+01,4.818156433105468750e+01,4.291876220703125000e+01,3.750148010253906250e+01,3.473229217529296875e+01,2.992769432067871094e+01,2.105570983886718750e+01,1.508325958251953125e+01,1.053503894805908203e+01,8.391761779785156250e+00,9.678211212158203125e+00,6.985426425933837891e+00,6.338231563568115234e+00,5.110988140106201172e+00,1.468899607658386230e+00,5.743208527565002441e-01,3.261913299560546875e+00,1.916458964347839355e+00,2.560338258743286133e+00,2.529965639114379883e+00,-8.930877447128295898e-01,-1.456135392189025879e+00,-1.157336831092834473e+00,-1.820082306861877441e+00,-1.013162970542907715e+00,1.516450643539428711e-01,8.268976807594299316e-01,-1.614599108695983887e+00,1.673655152320861816e+00
-5.426310300827026367e-01,4.159005641937255859e+00,3.110434770584106445e+00,1.074616527557373047e+01,2.213135719299316406e+01,3.520769119262695312e+01,5.057620620727539062e+01,6.366133880615234375e+01,7.504597473144531250e+01,8.935951232910156250e+01,9.888370513916015625e+01,1.028184356689453125e+02,1.054005813598632812e+02,1.048146514892578125e+02,1.055252685546875000e+02,9.882421112060546875e+01,9.386358642578125000e+01,8.611178588867187500e+01,7.709730529785156250e+01,7.010385894775390625e+01,6.052474212646484375e+01,5.377580642700195312e+01,4.663421249389648438e+01,4.335270309448242188e+01,3.712019729614257812e+01,2.626534652709960938e+01,1.868214035034179688e+01,1.319959735870361328e+01,1.052423763275146484e+01,1.166079425811767578e+01,8.359801292419433594e+00,7.657575607299804688e+00,6.084138393402099609e+00,1.926697850227355957e+00,3.143795132637023926e-01,3.465059518814086914e+00,2.233318805694580078e+00,2.833285570144653320e+00,2.826588392257690430e+00,-1.100266456604003906e+00,-2.095383644104003906e+00,-1.483673214912414551e+00,-2.435451030731201172e+00,-1.467659592628479004e+00,2.632442712783813477e-01,1.081267237663269043e+00,-2.513100385665893555e+00,2.284065961837768555e+00
6.951831281185150146e-03,7.112829089164733887e-01,8.379946351051330566e-01,1.649639606475830078e+00,2.560874700546264648e+00,4.768267631530761719e+00,6.475334644317626953e+00,7.984694480895996094e+00,8.927302360534667969e+00,1.116180133819580078e+01,1.305608749389648438e+01,1.337620639801025391e+01,1.396098041534423828e+01,1.291849994659423828e+01,1.281261062622070312e+01,1.148511314392089844e+01,1.153738689422607422e+01,9.484903335571289062e+00,8.596033096313476562e+00,7.536502838134765625e+00,6.399200439453125000e+00,6.051722526550292969e+00,5.324552536010742188e+00,4.224866867065429688e+00,3.939966440200805664e+00,2.093230724334716797e+00,1.648861765861511230e+00,1.239804148674011230e+00,1.153413176536560059e+00,1.074838638305664062e+00,5.500485897064208984e-01,4.727392792701721191e-01,4.693143069744110107e-01,-2.583759427070617676e-01,-1.950969696044921875e-01,7.301182150840759277e-01,3.989411294460296631e-01,4.219064712524414062e-01,5.117316842079162598e-01,-3.947907686233520508e-01,1.490785181522369385e-01,-2.700809240341186523e-01,-4.489966928958892822e-01,-2.351921424269676208e-02,6.005800515413284302e-02,2.086120396852493286e-01,1.974572241306304932e-01,-7.045790553092956543e-02
4.373708367347717285e-02,1.002043128013610840e+00,9.868487119674682617e-01,2.342317581176757812e+00,4.025826454162597656e+00,7.069795608520507812e+00,9.821576118469238281e+00,1.217949676513671875e+01,1.381016254425048828e+01,1.707467842102050781e+01,1.954238700866699219e+01,2.015976524353027344e+01,2.091804122924804688e+01,1.981134414672851562e+01,1.972897338867187500e+01,1.801267242431640625e+01,1.768465423583984375e+01,1.517598056793212891e+01,1.367012405395507812e+01,1.215762996673583984e+01,1.038774776458740234e+01,9.501836776733398438e+00,8.335969924926757812e+00,7.073626041412353516e+00,6.357455253601074219e+00,3.751935005187988281e+00,2.797425985336303711e+00,2.129636287689208984e+00,1.805351018905639648e+00,1.793062806129455566e+00,1.058476448059082031e+00,9.888463616371154785e-01,8.925332427024841309e-01,-6.561446189880371094e-02,-1.491511464118957520e-01,9.574239850044250488e-01,5.056004524230957031e-01,6.124972105026245117e-01,6.757749319076538086e-01,-4.615185260772705078e-01,-4.066597670316696167e-02,-3.357486128807067871e-01,-6.379827857017517090e-01,-1.188267767429351807e-01,1.102191731333732605e-01,2.725590765476226807e-01,6.159002333879470825e-02,7.313697040081024170e-02
-8.619902133941650391e-01,5.445995807647705078e+00,3.867635488510131836e+00,1.395939254760742188e+01,2.950096893310546875e+01,4.626971054077148438e+01,6.683077239990234375e+01,8.414910888671875000e+01,9.949758148193359375e+01,1.178518447875976562e+02,1.303151397705078125e+02,1.354194030761718750e+02,1.386971282958984375e+02,1.383345642089843750e+02,1.396242980957031250e+02,1.309363250732421875e+02,1.244822158813476562e+02,1.144122238159179688e+02,1.026674804687500000e+02,9.345948791503906250e+01,8.085581207275390625e+01,7.179978942871093750e+01,6.245220184326171875e+01,5.836222457885742188e+01,4.997260284423828125e+01,3.574465942382812500e+01,2.546621131896972656e+01,1.770521354675292969e+01,1.407192325592041016e+01,1.607946777343750000e+01,1.171268939971923828e+01,1.058440017700195312e+01,8.412592887878417969e+00,2.708822011947631836e+00,7.878215909004211426e-01,4.868329524993896484e+00,3.023050308227539062e+00,3.965776681900024414e+00,3.919039011001586914e+00,-1.268087387084960938e+00,-2.745524644851684570e+00,-1.935670018196105957e+00,-2.973085880279541016e+00,-1.896565914154052734e+00,2.415224313735961914e-01,1.356041550636291504e+00,-3.326420783996582031e+00,3.095313787460327148e+00
3.458401560783386230e-02,1.167535066604614258e+00,1.129211068153381348e+00,2.752189397811889648e+00,4.850797653198242188e+00,8.408587455749511719e+00,1.170422554016113281e+01,1.457243728637695312e+01,1.659108924865722656e+01,2.048827171325683594e+01,2.331136131286621094e+01,2.409361839294433594e+01,2.493375968933105469e+01,2.379928588867187500e+01,2.369126510620117188e+01,2.173219871520996094e+01,2.117044830322265625e+01,1.837896537780761719e+01,1.650770187377929688e+01,1.470326232910156250e+01,1.256430149078369141e+01,1.144212150573730469e+01,9.987096786499023438e+00,8.567630767822265625e+00,7.636555671691894531e+00,4.628287792205810547e+00,3.417146921157836914e+00,2.602924585342407227e+00,2.180121898651123047e+00,2.155340433120727539e+00,1.281854152679443359e+00,1.230330705642700195e+00,1.097543835639953613e+00,-2.266053110361099243e-03,-1.639440059661865234e-01,1.058656096458435059e+00,5.688756704330444336e-01,6.917744874954223633e-01,7.579118013381958008e-01,-5.450983643531799316e-01,-1.492286026477813721e-01,-3.797558546066284180e-01,-7.646480798721313477e-01,-1.819194406270980835e-01,1.215625330805778503e-01,3.043124377727508545e-01,-5.044778436422348022e-02,1.811078339815139771e-01
2.699078619480133057e-02,1.287249207496643066e+00,1.178655862808227539e+00,3.028518676757812500e+00,5.440814018249511719e+00,9.345498085021972656e+00,1.306150150299072266e+01,1.627293395996093750e+01,1.860775947570800781e+01,2.286049652099609375e+01,2.595735168457031250e+01,2.681705284118652344e+01,2.772703933715820312e+01,2.657399940490722656e+01,2.650997924804687500e+01,2.437166213989257812e+01,2.371957015991210938e+01,2.069809150695800781e+01,1.860921859741210938e+01,1.661679077148437500e+01,1.422017574310302734e+01,1.290781211853027344e+01,1.128397274017333984e+01,9.801314353942871094e+00,8.688036918640136719e+00,5.363922595977783203e+00,3.945335388183593750e+00,2.978408575057983398e+00,2.463469982147216797e+00,2.522901535034179688e+00,1.556736707687377930e+00,1.471456885337829590e+00,1.294513940811157227e+00,6.425820291042327881e-02,-1.121711507439613342e-01,1.186857581138610840e+00,6.406726837158203125e-01,7.913460731506347656e-01,8.577378392219543457e-01,-5.626654624938964844e-01,-2.020725309848785400e-01,-4.089934229850769043e-01,-8.170549869537353516e-01,-2.136898189783096313e-01,1.448093950748443604e-01,3.238345682621002197e-01,-7.088529318571090698e-02,2.217037230730056763e-01
-1.036861836910247803e-01,1.928755879402160645e+00,1.522857904434204102e+00,4.654344558715820312e+00,9.061323165893554688e+00,1.493600749969482422e+01,2.123731231689453125e+01,2.658442878723144531e+01,3.102209472656250000e+01,3.735730361938476562e+01,4.176573562622070312e+01,4.326123809814453125e+01,4.452527618408203125e+01,4.359625625610351562e+01,4.376956939697265625e+01,4.066800689697265625e+01,3.904231643676757812e+01,3.511104965209960938e+01,3.150276374816894531e+01,2.844998741149902344e+01,2.451690292358398438e+01,2.194566345214843750e+01,1.913294219970703125e+01,1.733350563049316406e+01,1.503581237792968750e+01,1.008846950531005859e+01,7.255846977233886719e+00,5.299439907073974609e+00,4.259639263153076172e+00,4.632029533386230469e+00,3.166206836700439453e+00,2.965929985046386719e+00,2.435151100158691406e+00,5.496525168418884277e-01,6.998424977064132690e-02,1.689478158950805664e+00,1.005497455596923828e+00,1.287969470024108887e+00,1.298308968544006348e+00,-6.633037328720092773e-01,-6.628034710884094238e-01,-6.259983777999877930e-01,-1.156581521034240723e+00,-4.916005730628967285e-01,1.765705347061157227e-01,5.025803446769714355e-01,-6.308083534240722656e-01,7.128383517265319824e-01
-1.049569845199584961e+00,6.027994155883789062e+00,3.596412420272827148e+00,1.400480556488037109e+01,3.177874565124511719e+01,4.866619110107421875e+01,7.072073364257812500e+01,8.917136383056640625e+01,1.056938018798828125e+02,1.242767181396484375e+02,1.377773895263671875e+02,1.424761962890625000e+02,1.461096496582031250e+02,1.458304290771484375e+02,1.479804534912109375e+02,1.385141906738281250e+02,1.328530883789062500e+02,1.213852233886718750e+02,1.095987091064453125e+02,9.981218719482421875e+01,8.665688323974609375e+01,7.703948974609375000e+01,6.793869018554687500e+01,6.353441619873046875e+01,5.471873855590820312e+01,3.953005218505859375e+01,2.824873352050781250e+01,1.897420883178710938e+01,1.507076835632324219e+01,1.858217430114746094e+01,1.392275238037109375e+01,1.225852394104003906e+01,9.822987556457519531e+00,3.123126268386840820e+00,2.038114309310913086e+00,6.587634086608886719e+00,3.748002529144287109e+00,5.086956977844238281e+00,5.010787010192871094e+00,-1.200295448303222656e+00,-2.321160316467285156e+00,-1.932994961738586426e+00,-2.603958845138549805e+00,-1.637316465377807617e+00,-1.120230033993721008e-01,1.299891352653503418e+00,-2.807200908660888672e+00,3.131300449371337891e+00
-9.398910403251647949e-02,2.070738315582275391e+00,1.709795713424682617e+00,5.124607563018798828e+00,9.877876281738281250e+00,1.636447906494140625e+01,2.317880439758300781e+01,2.904863929748535156e+01,3.383679199218750000e+01,4.089472198486328125e+01,4.569511795043945312e+01,4.739842605590820312e+01,4.877812194824218750e+01,4.777943038940429688e+01,4.786471176147460938e+01,4.447608566284179688e+01,4.257051467895507812e+01,3.835586929321289062e+01,3.431213760375976562e+01,3.096147918701171875e+01,2.662963485717773438e+01,2.383212661743164062e+01,2.068571090698242188e+01,1.871566009521484375e+01,1.620312881469726562e+01,1.085912990570068359e+01,7.790184974670410156e+00,5.736111164093017578e+00,4.626753330230712891e+00,4.894501209259033203e+00,3.281396389007568359e+00,3.113464355468750000e+00,2.558326244354248047e+00,6.040572524070739746e-01,-4.623860865831375122e-02,1.709713459014892578e+00,1.059559702873229980e+00,1.296431779861450195e+00,1.333081483840942383e+00,-7.415560483932495117e-01,-7.754241228103637695e-01,-6.832075119018554688e-01,-1.307087302207946777e+00,-5.690914392471313477e-01,2.040784358978271484e-01,5.420512557029724121e-01,-7.855999469757080078e-01,8.045669794082641602e-01
-6.941457092761993408e-02,1.754958868026733398e+00,1.405590057373046875e+00,4.191440582275390625e+00,8.074257850646972656e+00,1.340200233459472656e+01,1.900844764709472656e+01,2.376613807678222656e+01,2.767140197753906250e+01,3.340657424926757812e+01,3.742589569091796875e+01,3.874552536010742188e+01,3.990909194946289062e+01,3.895124816894531250e+01,3.908500289916992188e+01,3.626184082031250000e+01,3.487997436523437500e+01,3.124135398864746094e+01,2.804382514953613281e+01,2.528470039367675781e+01,2.178329277038574219e+01,1.953040885925292969e+01,1.704402923583984375e+01,1.535705566406250000e+01,1.335809230804443359e+01,8.864639282226562500e+00,6.387091159820556641e+00,4.697200775146484375e+00,3.784432888031005859e+00,4.095475673675537109e+00,2.767452716827392578e+00,2.601690053939819336e+00,2.149165153503417969e+00,4.420734941959381104e-01,4.140662401914596558e-02,1.548970222473144531e+00,9.053901433944702148e-01,1.160968780517578125e+00,1.177111029624938965e+00,-6.245400905609130859e-01,-5.533285140991210938e-01,-5.650067329406738281e-01,-1.059845924377441406e+00,-4.189793169498443604e-01,1.686828136444091797e-01,4.547950029373168945e-01,-4.911924004554748535e-01,5.910736918449401855e-01
-1.643128693103790283e-01,2.427702903747558594e+00,1.960040092468261719e+00,6.075404167175292969e+00,1.189707946777343750e+01,1.951007652282714844e+01,2.773544502258300781e+01,3.480388259887695312e+01,4.063690948486328125e+01,4.894565200805664062e+01,5.457236099243164062e+01,5.663682174682617188e+01,5.821945953369140625e+01,5.725316238403320312e+01,5.741403198242187500e+01,5.344591522216796875e+01,5.106873321533203125e+01,4.622204971313476562e+01,4.134559249877929688e+01,3.738498306274414062e+01,3.217129516601562500e+01,2.874069213867187500e+01,2.493768692016601562e+01,2.272597122192382812e+01,1.962395668029785156e+01,1.333529853820800781e+01,9.548732757568359375e+00,6.946563720703125000e+00,5.585041522979736328e+00,5.982529163360595703e+00,4.081731319427490234e+00,3.829191923141479492e+00,3.122535228729248047e+00,8.148961663246154785e-01,-3.259843215346336365e-03,2.002048969268798828e+00,1.257532715797424316e+00,1.542441844940185547e+00,1.582841157913208008e+00,-8.166619539260864258e-01,-9.784259796142578125e-01,-8.090655803680419922e-01,-1.502177119255065918e+00,-7.145467996597290039e-01,2.214573621749877930e-01,6.296440958976745605e-01,-1.048136234283447266e+00,1.022147536277770996e+00
-4.166833460330963135e-01,3.363183498382568359e+00,2.451259851455688477e+00,8.400919914245605469e+00,1.733077049255371094e+01,2.758690261840820312e+01,3.967194747924804688e+01,4.985831069946289062e+01,5.874152755737304688e+01,6.989957427978515625e+01,7.753118896484375000e+01,8.048338317871093750e+01,8.254722595214843750e+01,8.188289642333984375e+01,8.252366638183593750e+01,7.718924713134765625e+01,7.359589385986328125e+01,6.720970916748046875e+01,6.032395553588867188e+01,5.478881072998046875e+01,4.736862945556640625e+01,4.215674591064453125e+01,3.670287322998046875e+01,3.399143600463867188e+01,2.921672248840332031e+01,2.051760292053222656e+01,1.465408515930175781e+01,1.034221172332763672e+01,8.239359855651855469e+00,9.283685684204101562e+00,6.665368556976318359e+00,6.094644546508789062e+00,4.884635448455810547e+00,1.437138557434082031e+00,3.887664675712585449e-01,2.986572265625000000e+00,1.820329785346984863e+00,2.391072511672973633e+00,2.363696813583374023e+00,-9.074138402938842773e-01,-1.519742727279663086e+00,-1.152685761451721191e+00,-1.888921141624450684e+00,-1.061832308769226074e+00,1.941037178039550781e-01,8.515576720237731934e-01,-1.725420475006103516e+00,1.692555904388427734e+00
-2.347821891307830811e-01,2.472048997879028320e+00,1.843960523605346680e+00,6.055090904235839844e+00,1.223092651367187500e+01,1.972786521911621094e+01,2.825824737548828125e+01,3.545024490356445312e+01,4.163972473144531250e+01,4.974642562866210938e+01,5.533002090454101562e+01,5.738464736938476562e+01,5.894395065307617188e+01,5.816406631469726562e+01,5.855442810058593750e+01,5.463965606689453125e+01,5.223932266235351562e+01,4.741963577270507812e+01,4.258175659179687500e+01,3.859952545166015625e+01,3.334814071655273438e+01,2.973959922790527344e+01,2.592074966430664062e+01,2.381379508972167969e+01,2.053800964355468750e+01,1.418764305114746094e+01,1.015508842468261719e+01,7.259291648864746094e+00,5.798964023590087891e+00,6.464738368988037109e+00,4.574401378631591797e+00,4.212347507476806641e+00,3.400475740432739258e+00,9.029273986816406250e-01,2.248010039329528809e-01,2.192584514617919922e+00,1.314822077751159668e+00,1.728367209434509277e+00,1.712090492248535156e+00,-7.367020845413208008e-01,-1.003157734870910645e+00,-8.329790830612182617e-01,-1.422269225120544434e+00,-7.146414518356323242e-01,1.750115156173706055e-01,6.404618620872497559e-01,-1.061542153358459473e+00,1.105546236038208008e+00
4.069113731384277344e-02,1.073756933212280273e+00,1.032667756080627441e+00,2.529990673065185547e+00,4.434033870697021484e+00,7.713650703430175781e+00,1.073488330841064453e+01,1.334749031066894531e+01,1.520085430145263672e+01,1.875522232055664062e+01,2.135680007934570312e+01,2.206050109863281250e+01,2.285288238525390625e+01,2.176676940917968750e+01,2.168377304077148438e+01,1.987327003479003906e+01,1.939874267578125000e+01,1.679849052429199219e+01,1.510827255249023438e+01,1.346439361572265625e+01,1.151373577117919922e+01,1.047985839843750000e+01,9.165155410766601562e+00,7.858058452606201172e+00,7.016386985778808594e+00,4.235757827758789062e+00,3.123346090316772461e+00,2.386172533035278320e+00,1.998268485069274902e+00,1.987827777862548828e+00,1.190632581710815430e+00,1.133407831192016602e+00,1.003271222114562988e+00,-1.529018208384513855e-02,-1.367474198341369629e-01,9.928215146064758301e-01,5.321831703186035156e-01,6.497803926467895508e-01,7.110581398010253906e-01,-4.958156943321228027e-01,-1.147850081324577332e-01,-3.535728454589843750e-01,-6.957601308822631836e-01,-1.598441451787948608e-01,1.201466247439384460e-01,2.896848022937774658e-01,-1.251491159200668335e-02,1.422184556722640991e-01
-1.170715093612670898e+00,6.972825527191162109e+00,4.154924869537353516e+00,1.600325202941894531e+01,3.678089141845703125e+01,5.607249450683593750e+01,8.137039947509765625e+01,1.026928634643554688e+02,1.215523681640625000e+02,1.428398895263671875e+02,1.587893066406250000e+02,1.638978424072265625e+02,1.681861724853515625e+02,1.677661743164062500e+02,1.702837219238281250e+02,1.591175842285156250e+02,1.531091918945312500e+02,1.395044555664062500e+02,1.259174880981445312e+02,1.145630645751953125e+02,9.944664764404296875e+01,8.855168151855468750e+01,7.830154418945312500e+01,7.307785034179687500e+01,6.313281631469726562e+01,4.562069320678710938e+01,3.264713668823242188e+01,2.170073127746582031e+01,1.733996391296386719e+01,2.166598320007324219e+01,1.611949348449707031e+01,1.415907192230224609e+01,1.144723320007324219e+01,3.660693168640136719e+00,2.545711755752563477e+00,8.018525123596191406e+00,4.564289093017578125e+00,5.984356403350830078e+00,5.976115226745605469e+00,-1.440125465393066406e+00,-2.459538221359252930e+00,-2.175780773162841797e+00,-2.802115201950073242e+00,-1.734392285346984863e+00,-2.398120164871215820e-01,1.400448918342590332e+00,-2.944463014602661133e+00,3.450451135635375977e+00
-1.942102909088134766e-01,2.471452713012695312e+00,1.935928106307983398e+00,6.166961669921875000e+00,1.222037792205810547e+01,1.991592788696289062e+01,2.838655090332031250e+01,3.563130187988281250e+01,4.172158050537109375e+01,5.008311462402343750e+01,5.574381637573242188e+01,5.786031341552734375e+01,5.945345306396484375e+01,5.858546066284179688e+01,5.882605361938476562e+01,5.482870483398437500e+01,5.234957885742187500e+01,4.749788284301757812e+01,4.252312469482421875e+01,3.850745391845703125e+01,3.318252563476562500e+01,2.960118484497070312e+01,2.570418357849121094e+01,2.352342796325683594e+01,2.028444099426269531e+01,1.389500904083251953e+01,9.936640739440917969e+00,7.195099830627441406e+00,5.765144348144531250e+00,6.247256755828857422e+00,4.325161933898925781e+00,4.042527675628662109e+00,3.271191835403442383e+00,8.817941546440124512e-01,7.089417427778244019e-02,2.062433481216430664e+00,1.292581200599670410e+00,1.617877125740051270e+00,1.634944677352905273e+00,-7.959054708480834961e-01,-1.034606337547302246e+00,-8.290674686431884766e-01,-1.499721050262451172e+00,-7.424997091293334961e-01,2.096958160400390625e-01,6.509281992912292480e-01,-1.119846701622009277e+00,1.097066640853881836e+00
3.742615133523941040e-02,8.798952698707580566e-01,8.928557634353637695e-01,2.025777816772460938e+00,3.394066572189331055e+00,6.035919666290283203e+00,8.354147911071777344e+00,1.033466148376464844e+01,1.166523551940917969e+01,1.444031047821044922e+01,1.664829444885253906e+01,1.711336326599121094e+01,1.779462242126464844e+01,1.674123001098632812e+01,1.666633987426757812e+01,1.512949562072753906e+01,1.499619388580322266e+01,1.269112586975097656e+01,1.146692943572998047e+01,1.016406440734863281e+01,8.686371803283691406e+00,8.007520675659179688e+00,7.061695098876953125e+00,5.896500110626220703e+00,5.360510349273681641e+00,3.077128171920776367e+00,2.331232309341430664e+00,1.754053711891174316e+00,1.517622470855712891e+00,1.517935752868652344e+00,8.845646381378173828e-01,8.003557920455932617e-01,7.376149892807006836e-01,-1.239082068204879761e-01,-1.352363824844360352e-01,8.788568377494812012e-01,4.645191133022308350e-01,5.501310825347900391e-01,6.221640110015869141e-01,-4.133988618850708008e-01,4.414431005716323853e-02,-3.001257777214050293e-01,-5.460093021392822266e-01,-7.357706129550933838e-02,9.531392902135848999e-02,2.426399290561676025e-01,1.410664618015289307e-01,6.573074497282505035e-04
2.275875210762023926e-02,1.247570157051086426e+00,1.108493328094482422e+00,2.952366113662719727e+00,5.369748592376708984e+00,9.185718536376953125e+00,1.286624908447265625e+01,1.603432273864746094e+01,1.843639564514160156e+01,2.254663276672363281e+01,2.549819374084472656e+01,2.635635185241699219e+01,2.724137687683105469e+01,2.620290374755859375e+01,2.618471908569335938e+01,2.411848831176757812e+01,2.339926147460937500e+01,2.055121612548828125e+01,1.846471214294433594e+01,1.653994941711425781e+01,1.418828010559082031e+01,1.282034683227539062e+01,1.120219993591308594e+01,9.821491241455078125e+00,8.663075447082519531e+00,5.450260639190673828e+00,3.965131044387817383e+00,2.997749567031860352e+00,2.462934494018554688e+00,2.545079708099365234e+00,1.611172437667846680e+00,1.528082013130187988e+00,1.303530931472778320e+00,1.193039417266845703e-01,-7.600135356187820435e-02,1.126975893974304199e+00,6.290425062179565430e-01,7.783574461936950684e-01,8.288756608963012695e-01,-5.295218825340270996e-01,-2.424196302890777588e-01,-4.041824340820312500e-01,-7.927517890930175781e-01,-2.353355139493942261e-01,1.482381224632263184e-01,3.324663341045379639e-01,-1.296877562999725342e-01,2.586090266704559326e-01
-4.966187179088592529e-01,3.759022712707519531e+00,2.727409124374389648e+00,9.377128601074218750e+00,1.949071884155273438e+01,3.088928031921386719e+01,4.445032119750976562e+01,5.590793228149414062e+01,6.585835266113281250e+01,7.830352783203125000e+01,8.688488769531250000e+01,9.013395690917968750e+01,9.241020202636718750e+01,9.175561523437500000e+01,9.250986480712890625e+01,8.651689910888671875e+01,8.256337738037109375e+01,7.540654754638671875e+01,6.767686462402343750e+01,6.146382904052734375e+01,5.314972686767578125e+01,4.731735992431640625e+01,4.123849105834960938e+01,3.821266174316406250e+01,3.287560272216796875e+01,2.315592193603515625e+01,1.655291748046875000e+01,1.160050010681152344e+01,9.248475074768066406e+00,1.051539325714111328e+01,7.551930427551269531e+00,6.882808208465576172e+00,5.539429187774658203e+00,1.646708369255065918e+00,5.097678303718566895e-01,3.416877031326293945e+00,2.081117391586303711e+00,2.702091932296752930e+00,2.696357965469360352e+00,-1.011772871017456055e+00,-1.677963614463806152e+00,-1.280436873435974121e+00,-2.063345670700073242e+00,-1.177780747413635254e+00,1.823828220367431641e-01,9.196602702140808105e-01,-1.914799451828002930e+00,1.894084811210632324e+00
-2.009141743183135986e-01,2.234065294265747070e+00,1.645437717437744141e+00,5.336923599243164062e+00,1.080821037292480469e+01,1.742907524108886719e+01,2.497154235839843750e+01,3.128721618652343750e+01,3.670119476318359375e+01,4.383108520507812500e+01,4.890752792358398438e+01,5.062223052978515625e+01,5.203265762329101562e+01,5.120368576049804688e+01,5.159580612182617188e+01,4.806146621704101562e+01,4.616732788085937500e+01,4.168377304077148438e+01,3.751704406738281250e+01,3.395038604736328125e+01,2.936459541320800781e+01,2.624338912963867188e+01,2.297561454772949219e+01,2.101333045959472656e+01,1.820352745056152344e+01,1.247756004333496094e+01,8.973186492919921875e+00,6.388443946838378906e+00,5.108105659484863281e+00,5.807831287384033203e+00,4.102462291717529297e+00,3.757033824920654297e+00,3.069478034973144531e+00,7.450422048568725586e-01,2.858906388282775879e-01,2.116436004638671875e+00,1.217882871627807617e+00,1.624182224273681641e+00,1.608239293098449707e+00,-6.700274944305419922e-01,-7.844656705856323242e-01,-7.280764579772949219e-01,-1.227873325347900391e+00,-5.671715140342712402e-01,1.433537602424621582e-01,5.524215698242187500e-01,-7.654968500137329102e-01,8.949306607246398926e-01
-3.222323358058929443e-01,2.999138832092285156e+00,2.244478464126586914e+00,7.483535289764404297e+00,1.522931480407714844e+01,2.442872810363769531e+01,3.501885986328125000e+01,4.399545288085937500e+01,5.171767807006835938e+01,6.173001861572265625e+01,6.855841064453125000e+01,7.115389251708984375e+01,7.302153778076171875e+01,7.227062988281250000e+01,7.274543762207031250e+01,6.795678710937500000e+01,6.483502960205078125e+01,5.907030868530273438e+01,5.296833038330078125e+01,4.805400085449218750e+01,4.150237274169921875e+01,3.697141647338867188e+01,3.216642761230468750e+01,2.966751098632812500e+01,2.553183364868164062e+01,1.778166198730468750e+01,1.270557212829589844e+01,9.037049293518066406e+00,7.216057300567626953e+00,8.027113914489746094e+00,5.698336601257324219e+00,5.244978904724121094e+00,4.220164775848388672e+00,1.205541014671325684e+00,2.621092200279235840e-01,2.614156246185302734e+00,1.606438040733337402e+00,2.071930408477783203e+00,2.067686796188354492e+00,-8.672538995742797852e-01,-1.310969114303588867e+00,-1.020573258399963379e+00,-1.726604700088500977e+00,-9.266698360443115234e-01,1.973755359649658203e-01,7.650887370109558105e-01,-1.463034272193908691e+00,1.438207030296325684e+00
3.688471764326095581e-02,9.514564275741577148e-01,9.930329322814941406e-01,2.226513147354125977e+00,3.725475788116455078e+00,6.628692626953125000e+00,9.175137519836425781e+00,1.135850811004638672e+01,1.281253337860107422e+01,1.590422153472900391e+01,1.830530738830566406e+01,1.885246849060058594e+01,1.958711433410644531e+01,1.845742225646972656e+01,1.834603309631347656e+01,1.667615318298339844e+01,1.646167755126953125e+01,1.398102951049804688e+01,1.260500526428222656e+01,1.117268276214599609e+01,9.524273872375488281e+00,8.775947570800781250e+00,7.709074974060058594e+00,6.432898044586181641e+00,5.827052116394042969e+00,3.350563049316406250e+00,2.539992094039916992e+00,1.925446867942810059e+00,1.662638187408447266e+00,1.617837905883789062e+00,9.217582941055297852e-01,8.428814411163330078e-01,7.978020310401916504e-01,-1.269738525152206421e-01,-1.830488443374633789e-01,9.209778904914855957e-01,4.943599402904510498e-01,5.768215656280517578e-01,6.534827351570129395e-01,-4.602915048599243164e-01,2.280733548104763031e-02,-3.224177956581115723e-01,-6.128001213073730469e-01,-9.403340518474578857e-02,9.525697678327560425e-02,2.658303976058959961e-01,9.789112955331802368e-02,3.053717501461505890e-02
-2.050444483757019043e-03,5.957244634628295898e-01,7.903055548667907715e-01,1.427722096443176270e+00,2.043398618698120117e+00,3.988391876220703125e+00,5.360679149627685547e+00,6.554991722106933594e+00,7.304273128509521484e+00,9.222091674804687500e+00,1.087702751159667969e+01,1.115966892242431641e+01,1.168158245086669922e+01,1.067551898956298828e+01,1.054129314422607422e+01,9.357571601867675781e+00,9.456127166748046875e+00,7.629681587219238281e+00,6.937720298767089844e+00,6.014519214630126953e+00,5.081938743591308594e+00,4.892248153686523438e+00,4.263380050659179688e+00,3.238704442977905273e+00,3.083229780197143555e+00,1.517389416694641113e+00,1.228825688362121582e+00,9.527314305305480957e-01,9.271671175956726074e-01,7.837807536125183105e-01,3.307773768901824951e-01,2.772455215454101562e-01,3.155514597892761230e-01,-3.286739885807037354e-01,-2.428333312273025513e-01,6.056976318359375000e-01,3.546583652496337891e-01,3.461842834949493408e-01,4.130761623382568359e-01,-3.661064505577087402e-01,1.734261512756347656e-01,-2.367925941944122314e-01,-3.992840349674224854e-01,-4.841152578592300415e-03,4.327636212110519409e-02,1.961279660463333130e-01,1.783044338226318359e-01,-7.485520839691162109e-02
-9.731727838516235352e-01,5.889423847198486328e+00,4.119342327117919922e+00,1.509962940216064453e+01,3.209923553466796875e+01,5.017796325683593750e+01,7.258880615234375000e+01,9.141395568847656250e+01,1.082315521240234375e+02,1.280259094238281250e+02,1.413993682861328125e+02,1.469867706298828125e+02,1.504984893798828125e+02,1.502910308837890625e+02,1.517849426269531250e+02,1.424671173095703125e+02,1.353074188232421875e+02,1.245584030151367188e+02,1.118101272583007812e+02,1.018630599975585938e+02,8.817206573486328125e+01,7.824695587158203125e+01,6.805907440185546875e+01,6.374166488647460938e+01,5.451012039184570312e+01,3.916654586791992188e+01,2.787690925598144531e+01,1.932917976379394531e+01,1.535123920440673828e+01,1.758523368835449219e+01,1.290429401397705078e+01,1.163861274719238281e+01,9.198784828186035156e+00,3.007777214050292969e+00,9.128759503364562988e-01,5.262186050415039062e+00,3.265069246292114258e+00,4.326647281646728516e+00,4.252429485321044922e+00,-1.317226886749267578e+00,-3.035752058029174805e+00,-2.117713451385498047e+00,-3.202129602432250977e+00,-2.092901945114135742e+00,2.368663549423217773e-01,1.479383826255798340e+00,-3.719856023788452148e+00,3.457190752029418945e+00
-2.264469861984252930e-03,6.355645060539245605e-01,8.243331909179687500e-01,1.506005406379699707e+00,2.192305803298950195e+00,4.242806434631347656e+00,5.711129188537597656e+00,6.995516300201416016e+00,7.794430732727050781e+00,9.824650764465332031e+00,1.157938385009765625e+01,1.187467670440673828e+01,1.241838073730468750e+01,1.137707614898681641e+01,1.124363231658935547e+01,9.997607231140136719e+00,1.009476375579833984e+01,8.170517921447753906e+00,7.423881053924560547e+00,6.448636054992675781e+00,5.451109886169433594e+00,5.236897945404052734e+00,4.571996688842773438e+00,3.501835107803344727e+00,3.317480325698852539e+00,1.655630826950073242e+00,1.338462710380554199e+00,1.027871727943420410e+00,9.940781593322753906e-01,8.581029176712036133e-01,3.811156749725341797e-01,3.149591684341430664e-01,3.541576862335205078e-01,-3.276439607143402100e-01,-2.430351972579956055e-01,6.517451405525207520e-01,3.741139173507690430e-01,3.684825897216796875e-01,4.413057565689086914e-01,-3.835630416870117188e-01,1.792809218168258667e-01,-2.512941360473632812e-01,-4.176386892795562744e-01,-9.264018386602401733e-03,4.436861723661422729e-02,2.010097503662109375e-01,1.933047771453857422e-01,-7.793299853801727295e-02
4.259341955184936523e-02,1.032297372817993164e+00,1.022003412246704102e+00,2.408501625061035156e+00,4.142141342163085938e+00,7.266984939575195312e+00,1.009658718109130859e+01,1.252533340454101562e+01,1.419026756286621094e+01,1.755271911621093750e+01,2.009991264343261719e+01,2.072777366638183594e+01,2.150028228759765625e+01,2.037056732177734375e+01,2.028009033203125000e+01,1.851234626770019531e+01,1.817532730102539062e+01,1.559681034088134766e+01,1.403822708129882812e+01,1.248122310638427734e+01,1.066080951690673828e+01,9.760861396789550781e+00,8.561071395874023438e+00,7.257328033447265625e+00,6.524443149566650391e+00,3.848955631256103516e+00,2.875283479690551758e+00,2.179290056228637695e+00,1.854114532470703125e+00,1.834422349929809570e+00,1.080587267875671387e+00,1.009193181991577148e+00,9.180929064750671387e-01,-6.722541153430938721e-02,-1.565393209457397461e-01,9.847488999366760254e-01,5.200448036193847656e-01,6.255833506584167480e-01,6.945320367813110352e-01,-4.828262329101562500e-01,-3.918143361806869507e-02,-3.454242348670959473e-01,-6.557193994522094727e-01,-1.202684342861175537e-01,1.085666939616203308e-01,2.761786878108978271e-01,6.322485953569412231e-02,7.624851167201995850e-02
-7.505737245082855225e-03,5.315546989440917969e-01,7.377592921257019043e-01,1.288730263710021973e+00,1.765673041343688965e+00,3.537262439727783203e+00,4.733511924743652344e+00,5.758512973785400391e+00,6.411427974700927734e+00,8.123542785644531250e+00,9.612458229064941406e+00,9.872918128967285156e+00,1.035079765319824219e+01,9.401465415954589844e+00,9.269481658935546875e+00,8.182948112487792969e+00,8.298223495483398438e+00,6.636636734008789062e+00,6.051725387573242188e+00,5.217245578765869141e+00,4.404870510101318359e+00,4.275781154632568359e+00,3.711671829223632812e+00,2.763764142990112305e+00,2.660242795944213867e+00,1.256335496902465820e+00,1.027656197547912598e+00,8.182421922683715820e-01,8.082970976829528809e-01,6.558129191398620605e-01,2.467917799949645996e-01,2.071817070245742798e-01,2.501467466354370117e-01,-3.401776552200317383e-01,-2.475020736455917358e-01,5.363471508026123047e-01,3.208009004592895508e-01,3.115437030792236328e-01,3.593733906745910645e-01,-3.434966802597045898e-01,1.697127521038055420e-01,-2.190649807453155518e-01,-3.663045167922973633e-01,3.754962235689163208e-03,3.912318497896194458e-02,1.851974576711654663e-01,1.668981611728668213e-01,-7.645232975482940674e-02
3.196975588798522949e-02,1.227510929107666016e+00,1.118894338607788086e+00,2.896029472351074219e+00,5.204751968383789062e+00,8.955577850341796875e+00,1.251067543029785156e+01,1.558911228179931641e+01,1.785593223571777344e+01,2.191510009765625000e+01,2.484940910339355469e+01,2.568456077575683594e+01,2.656611633300781250e+01,2.546730804443359375e+01,2.541389465332031250e+01,2.337246704101562500e+01,2.272060012817382812e+01,1.985326385498046875e+01,1.784891700744628906e+01,1.595674896240234375e+01,1.366137218475341797e+01,1.237572574615478516e+01,1.081516075134277344e+01,9.405918121337890625e+00,8.332837104797363281e+00,5.160367012023925781e+00,3.778246164321899414e+00,2.867619991302490234e+00,2.371074914932250977e+00,2.417838335037231445e+00,1.499194622039794922e+00,1.422179341316223145e+00,1.235132694244384766e+00,6.594625115394592285e-02,-1.055971160531044006e-01,1.121359944343566895e+00,6.122376918792724609e-01,7.521697878837585449e-01,8.150539398193359375e-01,-5.379344224929809570e-01,-2.063398063182830811e-01,-3.951927423477172852e-01,-7.870976924896240234e-01,-2.148558050394058228e-01,1.422727406024932861e-01,3.237678706645965576e-01,-8.771308511495590210e-02,2.230098098516464233e-01
2.569141983985900879e-02,1.184204220771789551e+00,1.050684928894042969e+00,2.773643970489501953e+00,5.020869731903076172e+00,8.607386589050292969e+00,1.205189132690429688e+01,1.500380134582519531e+01,1.722946739196777344e+01,2.108074951171875000e+01,2.388747596740722656e+01,2.467101478576660156e+01,2.551540184020996094e+01,2.448040008544921875e+01,2.446838378906250000e+01,2.251137542724609375e+01,2.190264511108398438e+01,1.915992927551269531e+01,1.724346351623535156e+01,1.542998123168945312e+01,1.323668479919433594e+01,1.197998046875000000e+01,1.049189376831054688e+01,9.164134979248046875e+00,8.107624053955078125e+00,5.059047698974609375e+00,3.696994543075561523e+00,2.791022777557373047e+00,2.297201156616210938e+00,2.392062187194824219e+00,1.510196685791015625e+00,1.423824667930603027e+00,1.222162246704101562e+00,8.155529201030731201e-02,-6.074670702219009399e-02,1.099211812019348145e+00,6.001162528991699219e-01,7.535811066627502441e-01,8.024256229400634766e-01,-5.021467208862304688e-01,-1.978934109210968018e-01,-3.799392580986022949e-01,-7.407931685447692871e-01,-2.023878842592239380e-01,1.438176035881042480e-01,3.123641908168792725e-01,-6.995075196027755737e-02,2.137149721384048462e-01
1.590975373983383179e-02,7.525814771652221680e-01,8.881195783615112305e-01,1.768496036529541016e+00,2.760775327682495117e+00,5.120151519775390625e+00,6.978243350982666016e+00,8.602407455444335938e+00,9.618472099304199219e+00,1.204202842712402344e+01,1.404210186004638672e+01,1.441395664215087891e+01,1.502996063232421875e+01,1.395029926300048828e+01,1.382160663604736328e+01,1.242274761199951172e+01,1.242418766021728516e+01,1.027239131927490234e+01,9.298112869262695312e+00,8.158368110656738281e+00,6.928797245025634766e+00,6.515645503997802734e+00,5.725746154785156250e+00,4.564408779144287109e+00,4.238797187805175781e+00,2.270068645477294922e+00,1.778787970542907715e+00,1.352719664573669434e+00,1.234310030937194824e+00,1.136793017387390137e+00,5.757862329483032227e-01,5.024224519729614258e-01,5.173105597496032715e-01,-2.527235150337219238e-01,-2.169345319271087646e-01,7.552984952926635742e-01,4.205416142940521240e-01,4.448070526123046875e-01,5.354201793670654297e-01,-4.124971032142639160e-01,1.323986053466796875e-01,-2.767088413238525391e-01,-4.945108592510223389e-01,-3.756635263562202454e-02,6.620376557111740112e-02,2.259523719549179077e-01,1.678649485111236572e-01,-4.842410609126091003e-02
-7.289839982986450195e-01,5.037242889404296875e+00,3.748057365417480469e+00,1.313079166412353516e+01,2.726366043090820312e+01,4.312573623657226562e+01,6.204810333251953125e+01,7.815993499755859375e+01,9.221707916259765625e+01,1.096465301513671875e+02,1.212383728027343750e+02,1.260942382812500000e+02,1.291869201660156250e+02,1.286999511718750000e+02,1.296398773193359375e+02,1.214934616088867188e+02,1.153216094970703125e+02,1.060008621215820312e+02,9.489893341064453125e+01,8.633866119384765625e+01,7.455180358886718750e+01,6.621471405029296875e+01,5.741091156005859375e+01,5.352039337158203125e+01,4.578528594970703125e+01,3.259771347045898438e+01,2.318207168579101562e+01,1.626485252380371094e+01,1.296409320831298828e+01,1.445342922210693359e+01,1.040307998657226562e+01,9.476747512817382812e+00,7.518995761871337891e+00,2.446148157119750977e+00,4.274266362190246582e-01,4.216929435729980469e+00,2.730613708496093750e+00,3.465290069580078125e+00,3.461857557296752930e+00,-1.270776271820068359e+00,-2.613456964492797852e+00,-1.820537686347961426e+00,-2.912079572677612305e+00,-1.821661472320556641e+00,2.894713878631591797e-01,1.283562302589416504e+00,-3.197670221328735352e+00,2.862702608108520508e+00
3.981378674507141113e-02,9.788026809692382812e-01,9.362763166427612305e-01,2.259121417999267578e+00,3.910479784011840820e+00,6.843967914581298828e+00,9.519216537475585938e+00,1.180413246154785156e+01,1.340426349639892578e+01,1.653083801269531250e+01,1.892071342468261719e+01,1.949456787109375000e+01,2.022538375854492188e+01,1.916739654541015625e+01,1.911255836486816406e+01,1.745280075073242188e+01,1.716083908081054688e+01,1.472740936279296875e+01,1.328324699401855469e+01,1.181762504577636719e+01,1.011782932281494141e+01,9.248865127563476562e+00,8.132843017578125000e+00,6.922358989715576172e+00,6.224825382232666016e+00,3.692363739013671875e+00,2.749633789062500000e+00,2.081131458282470703e+00,1.759876966476440430e+00,1.785584688186645508e+00,1.076325058937072754e+00,1.000399112701416016e+00,8.875032067298889160e-01,-5.538432672619819641e-02,-1.079797819256782532e-01,9.517048001289367676e-01,4.968928396701812744e-01,6.130402088165283203e-01,6.730068922042846680e-01,-4.425005316734313965e-01,-3.663071244955062866e-02,-3.265398442745208740e-01,-6.067057847976684570e-01,-1.106371134519577026e-01,1.123552247881889343e-01,2.599164843559265137e-01,8.443833142518997192e-02,6.367085874080657959e-02
-1.392429232597351074e+00,7.719658851623535156e+00,4.797778129577636719e+00,1.866796302795410156e+01,4.166926574707031250e+01,6.406072998046875000e+01,9.305470275878906250e+01,1.173790512084960938e+02,1.392117462158203125e+02,1.639464111328125000e+02,1.812179565429687500e+02,1.878899993896484375e+02,1.925117340087890625e+02,1.925197448730468750e+02,1.950671691894531250e+02,1.829300384521484375e+02,1.745288848876953125e+02,1.602786712646484375e+02,1.443867797851562500e+02,1.316300964355468750e+02,1.141292877197265625e+02,1.013023452758789062e+02,8.881517791748046875e+01,8.334458923339843750e+01,7.145046234130859375e+01,5.182637786865234375e+01,3.690349960327148438e+01,2.499172592163085938e+01,1.982997894287109375e+01,2.382117080688476562e+01,1.783629226684570312e+01,1.579469108581542969e+01,1.251100635528564453e+01,4.169538497924804688e+00,2.131657123565673828e+00,7.797584056854248047e+00,4.609971523284912109e+00,6.217058658599853516e+00,6.104791164398193359e+00,-1.505469799041748047e+00,-3.470097303390502930e+00,-2.612081050872802734e+00,-3.649170160293579102e+00,-2.426559448242187500e+00,-3.118909150362014771e-02,1.770033717155456543e+00,-4.364645957946777344e+00,4.393697738647460938e+00
-5.844336748123168945e-01,4.366289138793945312e+00,3.262296915054321289e+00,1.124704456329345703e+01,2.319480133056640625e+01,3.685441207885742188e+01,5.296754074096679688e+01,6.666859436035156250e+01,7.855316162109375000e+01,9.354196166992187500e+01,1.035629577636718750e+02,1.076669692993164062e+02,1.103562393188476562e+02,1.097263183593750000e+02,1.104900436401367188e+02,1.034630966186523438e+02,9.832810211181640625e+01,9.015801239013671875e+01,8.075086212158203125e+01,7.340475463867187500e+01,6.337029647827148438e+01,5.633447265625000000e+01,4.887877655029296875e+01,4.542897033691406250e+01,3.892111206054687500e+01,2.752933502197265625e+01,1.960569000244140625e+01,1.381073284149169922e+01,1.101286220550537109e+01,1.225516986846923828e+01,8.781680107116699219e+00,8.023408889770507812e+00,6.388606548309326172e+00,2.014034509658813477e+00,3.481200337409973145e-01,3.682499885559082031e+00,2.341639518737792969e+00,2.990258693695068359e+00,2.988642454147338867e+00,-1.140843868255615234e+00,-2.165522813796997070e+00,-1.552893280982971191e+00,-2.532765626907348633e+00,-1.518993735313415527e+00,2.640272378921508789e-01,1.109646797180175781e+00,-2.592821598052978516e+00,2.364817380905151367e+00
3.915710747241973877e-02,1.069577574729919434e+00,1.059878826141357422e+00,2.516318559646606445e+00,4.363604545593261719e+00,7.623256206512451172e+00,1.059432029724121094e+01,1.316688728332519531e+01,1.495060920715332031e+01,1.849539184570312500e+01,2.110601997375488281e+01,2.179807853698730469e+01,2.258887863159179688e+01,2.147054290771484375e+01,2.136238861083984375e+01,1.954424476623535156e+01,1.910645484924316406e+01,1.648785400390625000e+01,1.481748104095458984e+01,1.318326854705810547e+01,1.125888442993164062e+01,1.028213500976562500e+01,8.990422248840332031e+00,7.650360107421875000e+00,6.854689121246337891e+00,4.089029788970947266e+00,3.035514831542968750e+00,2.315479040145874023e+00,1.954956531524658203e+00,1.917014360427856445e+00,1.122678637504577637e+00,1.070680141448974609e+00,9.677996635437011719e-01,-4.226758703589439392e-02,-1.700133681297302246e-01,9.874535202980041504e-01,5.293180942535400391e-01,6.377656459808349609e-01,7.023624181747436523e-01,-5.065661668777465820e-01,-8.950682729482650757e-02,-3.554036617279052734e-01,-6.974248886108398438e-01,-1.471235007047653198e-01,1.081558689475059509e-01,2.870815694332122803e-01,-1.683078706264495850e-03,1.260746270418167114e-01
-1.400733739137649536e-01,2.053838968276977539e+00,1.587256431579589844e+00,4.977961540222167969e+00,9.815853118896484375e+00,1.605681228637695312e+01,2.289044952392578125e+01,2.866773414611816406e+01,3.353225326538085938e+01,4.026510620117187500e+01,4.493907546997070312e+01,4.657049179077148438e+01,4.789895248413085938e+01,4.701873779296875000e+01,4.725484848022460938e+01,4.398131561279296875e+01,4.216383361816406250e+01,3.803535842895507812e+01,3.415140533447265625e+01,3.087529945373535156e+01,2.663764381408691406e+01,2.381509399414062500e+01,2.076605033874511719e+01,1.890628814697265625e+01,1.636767768859863281e+01,1.109107112884521484e+01,7.967271804809570312e+00,5.775365352630615234e+00,4.630010604858398438e+00,5.086005687713623047e+00,3.524478912353515625e+00,3.280176639556884766e+00,2.672586441040039062e+00,6.351404786109924316e-01,1.153150722384452820e-01,1.814678311347961426e+00,1.072594165802001953e+00,1.398723006248474121e+00,1.397742509841918945e+00,-6.671031713485717773e-01,-7.446240782737731934e-01,-6.750886440277099609e-01,-1.210780620574951172e+00,-5.443572402000427246e-01,1.764720678329467773e-01,5.327641367912292480e-01,-7.354552745819091797e-01,8.079712986946105957e-01
-8.691164255142211914e-01,5.298710823059082031e+00,3.194793224334716797e+00,1.215605068206787109e+01,2.759723663330078125e+01,4.228705978393554688e+01,6.136245346069335938e+01,7.734044647216796875e+01,9.153604888916015625e+01,1.076443176269531250e+02,1.196715850830078125e+02,1.235492019653320312e+02,1.267717819213867188e+02,1.262935409545898438e+02,1.281696166992187500e+02,1.197730712890625000e+02,1.152599716186523438e+02,1.049252395629882812e+02,9.477442932128906250e+01,8.618836212158203125e+01,7.485367584228515625e+01,6.666342163085937500e+01,5.892683410644531250e+01,5.491141128540039062e+01,4.745370101928710938e+01,3.411408233642578125e+01,2.444278335571289062e+01,1.636890983581542969e+01,1.304846954345703125e+01,1.622128868103027344e+01,1.206350517272949219e+01,1.062358379364013672e+01,8.598861694335937500e+00,2.642851352691650391e+00,1.868139028549194336e+00,6.010628700256347656e+00,3.379042148590087891e+00,4.528078079223632812e+00,4.483846664428710938e+00,-1.122609138488769531e+00,-1.853866457939147949e+00,-1.661200642585754395e+00,-2.198862791061401367e+00,-1.311925768852233887e+00,-1.160103157162666321e-01,1.095393896102905273e+00,-2.144847631454467773e+00,2.565776586532592773e+00
2.533566951751708984e-02,1.272475481033325195e+00,1.160406112670898438e+00,3.006841659545898438e+00,5.435651779174804688e+00,9.323691368103027344e+00,1.302967262268066406e+01,1.625055313110351562e+01,1.862887382507324219e+01,2.285859680175781250e+01,2.588368988037109375e+01,2.676286315917968750e+01,2.766413307189941406e+01,2.657078552246093750e+01,2.651030921936035156e+01,2.440345954895019531e+01,2.367782592773437500e+01,2.075008583068847656e+01,1.863389015197753906e+01,1.666108512878417969e+01,1.426731204986572266e+01,1.292082977294921875e+01,1.127622604370117188e+01,9.825489044189453125e+00,8.687695503234863281e+00,5.415701866149902344e+00,3.955824851989746094e+00,2.999405145645141602e+00,2.476541042327880859e+00,2.515497922897338867e+00,1.561243057250976562e+00,1.494098663330078125e+00,1.291619777679443359e+00,9.158825874328613281e-02,-1.153658106923103333e-01,1.141395568847656250e+00,6.264218091964721680e-01,7.717106938362121582e-01,8.310548663139343262e-01,-5.597887635231018066e-01,-2.411648929119110107e-01,-4.123281836509704590e-01,-8.194795846939086914e-01,-2.345234304666519165e-01,1.414633393287658691e-01,3.303968608379364014e-01,-1.305446624755859375e-01,2.588738203048706055e-01
-1.839661002159118652e+00,1.019416332244873047e+01,6.020334720611572266e+00,2.389406776428222656e+01,5.499935913085937500e+01,8.369992828369140625e+01,1.216381378173828125e+02,1.536432342529296875e+02,1.821895904541015625e+02,2.140576324462890625e+02,2.371682739257812500e+02,2.453060913085937500e+02,2.515872039794921875e+02,2.516052551269531250e+02,2.553201599121093750e+02,2.390359802246093750e+02,2.290243225097656250e+02,2.096843109130859375e+02,1.890938720703125000e+02,1.723347320556640625e+02,1.494845123291015625e+02,1.328383941650390625e+02,1.170762023925781250e+02,1.098033905029296875e+02,9.442150878906250000e+01,6.877189636230468750e+01,4.902707290649414062e+01,3.262726211547851562e+01,2.600393867492675781e+01,3.214999008178710938e+01,2.411758995056152344e+01,2.114369010925292969e+01,1.687138748168945312e+01,5.692319393157958984e+00,3.501966238021850586e+00,1.122751617431640625e+01,6.545713901519775391e+00,8.613101959228515625e+00,8.552063941955566406e+00,-1.920561790466308594e+00,-4.060903072357177734e+00,-3.307741641998291016e+00,-4.293426036834716797e+00,-2.872493743896484375e+00,-3.331667184829711914e-01,2.147304773330688477e+00,-5.177547931671142578e+00,5.541566848754882812e+00
-7.227717638015747070e-01,4.761494636535644531e+00,3.386348724365234375e+00,1.208905696868896484e+01,2.543084716796875000e+01,3.999490737915039062e+01,5.773839950561523438e+01,7.266664886474609375e+01,8.587023925781250000e+01,1.017898483276367188e+02,1.126116943359375000e+02,1.169857101440429688e+02,1.198358001708984375e+02,1.194002838134765625e+02,1.205018157958984375e+02,1.129621047973632812e+02,1.074518432617187500e+02,9.863072967529296875e+01,8.853486633300781250e+01,8.055977630615234375e+01,6.970861053466796875e+01,6.193571853637695312e+01,5.389471054077148438e+01,5.026919174194335938e+01,4.308268356323242188e+01,3.071373748779296875e+01,2.189099502563476562e+01,1.526027488708496094e+01,1.213434696197509766e+01,1.383393955230712891e+01,1.007228660583496094e+01,9.129077911376953125e+00,7.259083271026611328e+00,2.287494182586669922e+00,6.840627789497375488e-01,4.261162757873535156e+00,2.620879173278808594e+00,3.457785844802856445e+00,3.413626909255981445e+00,-1.150559186935424805e+00,-2.336780309677124023e+00,-1.682529568672180176e+00,-2.611952066421508789e+00,-1.620859742164611816e+00,2.182689905166625977e-01,1.190698385238647461e+00,-2.784155607223510742e+00,2.642356157302856445e+00
-1.130657792091369629e+00,6.605791091918945312e+00,4.440981388092041016e+00,1.663887977600097656e+01,3.593678283691406250e+01,5.587526321411132812e+01,8.093122863769531250e+01,1.019951248168945312e+02,1.208336715698242188e+02,1.427389526367187500e+02,1.576685791015625000e+02,1.637738800048828125e+02,1.677285766601562500e+02,1.675978393554687500e+02,1.694261169433593750e+02,1.589884185791015625e+02,1.511943054199218750e+02,1.391059875488281250e+02,1.250088882446289062e+02,1.139143524169921875e+02,9.864560699462890625e+01,8.753785705566406250e+01,7.632025146484375000e+01,7.154016113281250000e+01,6.121989822387695312e+01,4.413666534423828125e+01,3.141325569152832031e+01,2.161330604553222656e+01,1.715163230895996094e+01,1.995762443542480469e+01,1.474790191650390625e+01,1.321651458740234375e+01,1.044684123992919922e+01,3.453771591186523438e+00,1.279711008071899414e+00,6.133271217346191406e+00,3.752883434295654297e+00,4.994598865509033203e+00,4.910443305969238281e+00,-1.403184890747070312e+00,-3.279306888580322266e+00,-2.329794883728027344e+00,-3.445959329605102539e+00,-2.273933649063110352e+00,1.711326837539672852e-01,1.612422585487365723e+00,-4.063512325286865234e+00,3.854432344436645508e+00
2.552539110183715820e-02,1.207570910453796387e+00,1.076684117317199707e+00,2.812744140625000000e+00,5.092820644378662109e+00,8.728832244873046875e+00,1.221391677856445312e+01,1.520878791809082031e+01,1.743940734863281250e+01,2.135784912109375000e+01,2.422591590881347656e+01,2.500975608825683594e+01,2.586214256286621094e+01,2.479961395263671875e+01,2.478457641601562500e+01,2.279093551635742188e+01,2.219400215148925781e+01,1.938957786560058594e+01,1.744754219055175781e+01,1.560009002685546875e+01,1.337859153747558594e+01,1.212695312500000000e+01,1.062618541717529297e+01,9.259851455688476562e+00,8.206548690795898438e+00,5.106659889221191406e+00,3.734348297119140625e+00,2.815249204635620117e+00,2.320797204971313477e+00,2.415838003158569336e+00,1.520894408226013184e+00,1.432977676391601562e+00,1.237481713294982910e+00,7.758264243602752686e-02,-6.288904696702957153e-02,1.127762436866760254e+00,6.077668666839599609e-01,7.625138163566589355e-01,8.180803656578063965e-01,-5.161739587783813477e-01,-1.896208822727203369e-01,-3.881310820579528809e-01,-7.494511604309082031e-01,-1.999904364347457886e-01,1.370986104011535645e-01,3.076544404029846191e-01,-5.383943766355514526e-02,2.067304998636245728e-01
3.634263575077056885e-02,1.153771877288818359e+00,1.082096099853515625e+00,2.731069087982177734e+00,4.858737945556640625e+00,8.393487930297851562e+00,1.169899940490722656e+01,1.457113265991210938e+01,1.664745140075683594e+01,2.049933433532714844e+01,2.326408767700195312e+01,2.405646896362304688e+01,2.488996505737304688e+01,2.380376052856445312e+01,2.372486686706542969e+01,2.180374336242675781e+01,2.120451736450195312e+01,1.847711181640625000e+01,1.660953330993652344e+01,1.482306289672851562e+01,1.268064689636230469e+01,1.150482940673828125e+01,1.004244422912597656e+01,8.682209014892578125e+00,7.711199760437011719e+00,4.726357936859130859e+00,3.467094659805297852e+00,2.650975942611694336e+00,2.198595285415649414e+00,2.202801704406738281e+00,1.338356614112854004e+00,1.282472610473632812e+00,1.121539115905761719e+00,2.855061367154121399e-02,-1.272580623626708984e-01,1.046087741851806641e+00,5.655355453491210938e-01,6.985024213790893555e-01,7.553235292434692383e-01,-5.216276049613952637e-01,-1.801550090312957764e-01,-3.731228709220886230e-01,-7.518157958984375000e-01,-1.951946318149566650e-01,1.343573033809661865e-01,3.057860434055328369e-01,-6.918054074048995972e-02,1.996105462312698364e-01
-1.513210535049438477e-01,2.400272846221923828e+00,1.965710520744323730e+00,6.021006584167480469e+00,1.175321769714355469e+01,1.930580902099609375e+01,2.741233062744140625e+01,3.441405105590820312e+01,4.017453765869140625e+01,4.844461441040039062e+01,5.399915695190429688e+01,5.604589080810546875e+01,5.762352371215820312e+01,5.665798568725585938e+01,5.677958297729492188e+01,5.283875274658203125e+01,5.046067047119140625e+01,4.568120193481445312e+01,4.082121276855468750e+01,3.689447021484375000e+01,3.173573303222656250e+01,2.835585784912109375e+01,2.457700347900390625e+01,2.237022781372070312e+01,1.931047821044921875e+01,1.311342620849609375e+01,9.380747795104980469e+00,6.843379974365234375e+00,5.506855010986328125e+00,5.855389118194580078e+00,3.959921121597290039e+00,3.741354703903198242e+00,3.059307813644409180e+00,7.978987097740173340e-01,-3.640861064195632935e-02,1.944338560104370117e+00,1.240379333496093750e+00,1.502817630767822266e+00,1.546417474746704102e+00,-8.402580022811889648e-01,-9.859575033187866211e-01,-8.011170625686645508e-01,-1.514846920967102051e+00,-7.129025459289550781e-01,2.172486782073974609e-01,6.268901824951171875e-01,-1.061122536659240723e+00,1.030368328094482422e+00
-4.593886137008666992e-01,3.723083019256591797e+00,2.786744356155395508e+00,9.492460250854492188e+00,1.945941925048828125e+01,3.103909492492675781e+01,4.456955337524414062e+01,5.605157852172851562e+01,6.599015045166015625e+01,7.865294647216796875e+01,8.717245483398437500e+01,9.058080291748046875e+01,9.288054656982421875e+01,9.219770050048828125e+01,9.281857299804687500e+01,8.684947967529296875e+01,8.263581085205078125e+01,7.560420989990234375e+01,6.773991394042968750e+01,6.153702926635742188e+01,5.313418960571289062e+01,4.726424407958984375e+01,4.104274749755859375e+01,3.804041290283203125e+01,3.263589859008789062e+01,2.295122528076171875e+01,1.636223030090332031e+01,1.157732772827148438e+01,9.239760398864746094e+00,1.025841236114501953e+01,7.328510761260986328e+00,6.719775199890136719e+00,5.368897914886474609e+00,1.635485649108886719e+00,2.973281741142272949e-01,3.167915821075439453e+00,1.989167571067810059e+00,2.552345275878906250e+00,2.547662734985351562e+00,-1.013031482696533203e+00,-1.773668527603149414e+00,-1.303167700767517090e+00,-2.162202119827270508e+00,-1.245729804039001465e+00,2.373878955841064453e-01,9.509127736091613770e-01,-2.075695991516113281e+00,1.938083529472351074e+00
-7.886505126953125000e-01,4.918084144592285156e+00,3.386981725692749023e+00,1.235161113739013672e+01,2.628474617004394531e+01,4.111038970947265625e+01,5.950085449218750000e+01,7.486389923095703125e+01,8.859642028808593750e+01,1.047783050537109375e+02,1.159039459228515625e+02,1.203492355346679688e+02,1.232700881958007812e+02,1.229108276367187500e+02,1.241991043090820312e+02,1.164743499755859375e+02,1.108952255249023438e+02,1.017914428710937500e+02,9.150814056396484375e+01,8.330022430419921875e+01,7.215768432617187500e+01,6.410375976562500000e+01,5.588615417480468750e+01,5.221979904174804688e+01,4.476330947875976562e+01,3.201978683471679688e+01,2.283901977539062500e+01,1.582884120941162109e+01,1.256396007537841797e+01,1.453965091705322266e+01,1.066823005676269531e+01,9.613034248352050781e+00,7.643867015838623047e+00,2.403016090393066406e+00,8.798497319221496582e-01,4.562521934509277344e+00,2.744199275970458984e+00,3.699218511581420898e+00,3.621745824813842773e+00,-1.121767282485961914e+00,-2.370772123336791992e+00,-1.719140648841857910e+00,-2.600721359252929688e+00,-1.633994221687316895e+00,1.859458684921264648e-01,1.215557575225830078e+00,-2.815026521682739258e+00,2.735846281051635742e+00
-9.890871047973632812e-01,5.817350387573242188e+00,3.666764974594116211e+00,1.392069530487060547e+01,3.091029357910156250e+01,4.766046524047851562e+01,6.913410949707031250e+01,8.713216400146484375e+01,1.032084808349609375e+02,1.215992279052734375e+02,1.347136840820312500e+02,1.394962615966796875e+02,1.429837341308593750e+02,1.426909179687500000e+02,1.445702514648437500e+02,1.353956298828125000e+02,1.295389404296875000e+02,1.185656585693359375e+02,1.068549728393554688e+02,9.729384613037109375e+01,8.439560699462890625e+01,7.500981140136718750e+01,6.588706207275390625e+01,6.159471893310546875e+01,5.297002410888671875e+01,3.815784835815429688e+01,2.724764823913574219e+01,1.848646354675292969e+01,1.468836879730224609e+01,1.772282791137695312e+01,1.317039775848388672e+01,1.168836498260498047e+01,9.351522445678710938e+00,2.977080821990966797e+00,1.655214548110961914e+00,6.035933494567871094e+00,3.508816957473754883e+00,4.721206188201904297e+00,4.653267860412597656e+00,-1.224206924438476562e+00,-2.439748287200927734e+00,-1.925626873970031738e+00,-2.696992874145507812e+00,-1.704111218452453613e+00,-3.087647259235382080e-03,1.305227398872375488e+00,-2.940781831741333008e+00,3.104274034500122070e+00
-3.807047605514526367e-01,3.087228059768676758e+00,2.204348325729370117e+00,7.530133724212646484e+00,1.565635395050048828e+01,2.485059738159179688e+01,3.576982116699218750e+01,4.492546463012695312e+01,5.290916824340820312e+01,6.287791061401367188e+01,6.989759826660156250e+01,7.242504119873046875e+01,7.430865478515625000e+01,7.360432434082031250e+01,7.427053833007812500e+01,6.938693237304687500e+01,6.641002655029296875e+01,6.042641830444335938e+01,5.433919525146484375e+01,4.930520629882812500e+01,4.268186187744140625e+01,3.804137802124023438e+01,3.325311279296875000e+01,3.071949577331542969e+01,2.649996185302734375e+01,1.854674339294433594e+01,1.329382610321044922e+01,9.325204849243164062e+00,7.431890010833740234e+00,8.547452926635742188e+00,6.142114162445068359e+00,5.586621284484863281e+00,4.520343780517578125e+00,1.261460900306701660e+00,4.966592192649841309e-01,2.928999423980712891e+00,1.719837665557861328e+00,2.290241956710815430e+00,2.262959003448486328e+00,-8.387851715087890625e-01,-1.257678389549255371e+00,-1.029346346855163574e+00,-1.647830963134765625e+00,-8.849812150001525879e-01,1.480510234832763672e-01,7.511504292488098145e-01,-1.363782525062561035e+00,1.449547767639160156e+00
-6.068712472915649414e-02,1.754336595535278320e+00,1.414538621902465820e+00,4.171155929565429688e+00,8.014492988586425781e+00,1.331855869293212891e+01,1.887516403198242188e+01,2.359760284423828125e+01,2.744609069824218750e+01,3.316022872924804688e+01,3.719062423706054688e+01,3.848469924926757812e+01,3.964999008178710938e+01,3.865803146362304688e+01,3.878036117553710938e+01,3.595021820068359375e+01,3.462240600585937500e+01,3.095759582519531250e+01,2.778281402587890625e+01,2.503548431396484375e+01,2.155612754821777344e+01,1.934810638427734375e+01,1.689555931091308594e+01,1.519212245941162109e+01,1.322821140289306641e+01,8.741610527038574219e+00,6.310038089752197266e+00,4.637672901153564453e+00,3.741974353790283203e+00,4.051547050476074219e+00,2.722022771835327148e+00,2.562173366546630859e+00,2.127626419067382812e+00,4.258205592632293701e-01,3.562723845243453979e-02,1.559921383857727051e+00,9.058563709259033203e-01,1.157258033752441406e+00,1.178674817085266113e+00,-6.330398917198181152e-01,-5.307999849319458008e-01,-5.607935190200805664e-01,-1.056568980216979980e+00,-4.055557847023010254e-01,1.660215854644775391e-01,4.460164606571197510e-01,-4.543800950050354004e-01,5.700580477714538574e-01
-8.225347995758056641e-01,5.301873207092285156e+00,3.816839694976806641e+00,1.363767910003662109e+01,2.863051986694335938e+01,4.503129196166992188e+01,6.497449493408203125e+01,8.182758331298828125e+01,9.668887329101562500e+01,1.146742172241210938e+02,1.267881317138671875e+02,1.317915649414062500e+02,1.349838409423828125e+02,1.345867767333984375e+02,1.357504730224609375e+02,1.272886505126953125e+02,1.209352645874023438e+02,1.111593093872070312e+02,9.968455505371093750e+01,9.073021697998046875e+01,7.844374847412109375e+01,6.967333984375000000e+01,6.053099822998046875e+01,5.652180862426757812e+01,4.838021469116210938e+01,3.455654144287109375e+01,2.460944747924804688e+01,1.715332221984863281e+01,1.364619731903076172e+01,1.546155071258544922e+01,1.122992038726806641e+01,1.017514133453369141e+01,8.076661109924316406e+00,2.601944446563720703e+00,6.605356335639953613e-01,4.625814437866210938e+00,2.910463809967041016e+00,3.785701751708984375e+00,3.755054712295532227e+00,-1.273426532745361328e+00,-2.697636365890502930e+00,-1.893034100532531738e+00,-2.955115079879760742e+00,-1.868946552276611328e+00,2.589459419250488281e-01,1.333179950714111328e+00,-3.275321722030639648e+00,3.014073371887207031e+00
-5.327008664608001709e-03,5.701643228530883789e-01,7.765346169471740723e-01,1.375477433204650879e+00,1.923013687133789062e+00,3.807183265686035156e+00,5.106107711791992188e+00,6.225416183471679688e+00,6.931153297424316406e+00,8.774164199829101562e+00,1.037217617034912109e+01,1.064828395843505859e+01,1.115257072448730469e+01,1.016070938110351562e+01,1.002107715606689453e+01,8.868769645690917969e+00,8.977597236633300781e+00,7.209673881530761719e+00,6.564435482025146484e+00,5.669632434844970703e+00,4.786325931549072266e+00,4.631720542907714844e+00,4.025506496429443359e+00,3.021530866622924805e+00,2.892831087112426758e+00,1.390458464622497559e+00,1.134790897369384766e+00,8.923804163932800293e-01,8.751689791679382324e-01,7.218502759933471680e-01,2.858636081218719482e-01,2.370292097330093384e-01,2.839409708976745605e-01,-3.440351784229278564e-01,-2.524940073490142822e-01,5.777600407600402832e-01,3.408964574337005615e-01,3.315013349056243896e-01,3.884823322296142578e-01,-3.608602285385131836e-01,1.752356737852096558e-01,-2.304336428642272949e-01,-3.882944285869598389e-01,-7.932595908641815186e-04,4.042475670576095581e-02,1.926077604293823242e-01,1.740688979625701904e-01,-7.641009986400604248e-02
-1.567164361476898193e-01,2.108985424041748047e+00,1.610378026962280273e+00,5.106649398803710938e+00,1.013511466979980469e+01,1.651551628112792969e+01,2.358861160278320312e+01,2.954222297668457031e+01,3.459754562377929688e+01,4.147991561889648438e+01,4.626205825805664062e+01,4.794142532348632812e+01,4.929726791381835938e+01,4.844005203247070312e+01,4.872096633911132812e+01,4.537258148193359375e+01,4.348511505126953125e+01,3.926980590820312500e+01,3.527767562866210938e+01,3.191543960571289062e+01,2.755559730529785156e+01,2.462125778198242188e+01,2.147970199584960938e+01,1.959746360778808594e+01,1.695553207397460938e+01,1.154209232330322266e+01,8.283323287963867188e+00,5.981523990631103516e+00,4.789154052734375000e+00,5.297378063201904297e+00,3.697852373123168945e+00,3.428292512893676758e+00,2.785686969757080078e+00,6.759179234504699707e-01,1.498234272003173828e-01,1.879580974578857422e+00,1.109434366226196289e+00,1.455277204513549805e+00,1.446799159049987793e+00,-6.688653230667114258e-01,-7.737168073654174805e-01,-6.964044570922851562e-01,-1.232340335845947266e+00,-5.658692717552185059e-01,1.695173978805541992e-01,5.494300723075866699e-01,-7.708944082260131836e-01,8.536795377731323242e-01
-3.484817147254943848e-01,3.208291769027709961e+00,2.436121225357055664e+00,8.134417533874511719e+00,1.647544097900390625e+01,2.647464561462402344e+01,3.793470382690429688e+01,4.767306137084960938e+01,5.603791046142578125e+01,6.695307922363281250e+01,7.428563690185546875e+01,7.717230987548828125e+01,7.918581390380859375e+01,7.843069458007812500e+01,7.888786315917968750e+01,7.372570037841796875e+01,7.020899963378906250e+01,6.408455657958984375e+01,5.739907836914062500e+01,5.209645080566406250e+01,4.494947814941406250e+01,4.001017761230468750e+01,3.472974395751953125e+01,3.207512664794921875e+01,2.755113983154296875e+01,1.922190856933593750e+01,1.371072196960449219e+01,9.784337043762207031e+00,7.811509609222412109e+00,8.596387863159179688e+00,6.084208488464355469e+00,5.615968227386474609e+00,4.500335693359375000e+00,1.331582188606262207e+00,1.966339945793151855e-01,2.694676160812377930e+00,1.700748801231384277e+00,2.163553476333618164e+00,2.164848804473876953e+00,-9.265236854553222656e-01,-1.481719613075256348e+00,-1.102511525154113770e+00,-1.898734450340270996e+00,-1.049164891242980957e+00,2.332432270050048828e-01,8.385341763496398926e-01,-1.698413372039794922e+00,1.601526618003845215e+00
-8.211797475814819336e-02,1.720400452613830566e+00,1.334496498107910156e+00,3.980162620544433594e+00,7.772194862365722656e+00,1.281161308288574219e+01,1.821342468261718750e+01,2.276377296447753906e+01,2.650028228759765625e+01,3.190827369689941406e+01,3.584075927734375000e+01,3.702248382568359375e+01,3.814094543457031250e+01,3.717560958862304688e+01,3.737278366088867188e+01,3.463744354248046875e+01,3.348291397094726562e+01,2.985919952392578125e+01,2.688904380798339844e+01,2.421723365783691406e+01,2.090261268615722656e+01,1.878771972656250000e+01,1.648745346069335938e+01,1.482147789001464844e+01,1.295174503326416016e+01,8.583530426025390625e+00,6.217763900756835938e+00,4.506447315216064453e+00,3.630735397338867188e+00,4.064004898071289062e+00,2.769788026809692383e+00,2.566909313201904297e+00,2.143542289733886719e+00,3.999359011650085449e-01,1.383374333381652832e-01,1.640875816345214844e+00,9.149316549301147461e-01,1.205223560333251953e+00,1.217870235443115234e+00,-5.967214703559875488e-01,-4.621974527835845947e-01,-5.426335334777832031e-01,-9.721984267234802246e-01,-3.514783978462219238e-01,1.351702809333801270e-01,4.140075445175170898e-01,-3.468455076217651367e-01,5.196088552474975586e-01
-5.583226680755615234e-03,5.771798491477966309e-01,7.914095520973205566e-01,1.394560217857360840e+00,1.939244985580444336e+00,3.851480484008789062e+00,5.165186405181884766e+00,6.294811725616455078e+00,7.003762722015380859e+00,8.877068519592285156e+00,1.050122356414794922e+01,1.078168392181396484e+01,1.129327201843261719e+01,1.028506088256835938e+01,1.013708209991455078e+01,8.967078208923339844e+00,9.078390121459960938e+00,7.282264232635498047e+00,6.631250858306884766e+00,5.722917079925537109e+00,4.827565670013427734e+00,4.677732467651367188e+00,4.063112258911132812e+00,3.038085699081420898e+00,2.911809444427490234e+00,1.387855768203735352e+00,1.139544606208801270e+00,8.984977602958679199e-01,8.819193840026855469e-01,7.218396663665771484e-01,2.813684344291687012e-01,2.302323430776596069e-01,2.856002151966094971e-01,-3.554796874523162842e-01,-2.614906430244445801e-01,5.857536196708679199e-01,3.464542031288146973e-01,3.342323899269104004e-01,3.901714086532592773e-01,-3.664578199386596680e-01,1.804489046335220337e-01,-2.345093190670013428e-01,-3.949246704578399658e-01,-1.185547560453414917e-03,3.906198590993881226e-02,1.959116905927658081e-01,1.752932071685791016e-01,-7.737896591424942017e-02
-1.885816931724548340e+00,1.063883018493652344e+01,5.781000614166259766e+00,2.343659782409667969e+01,5.602862548828125000e+01,8.433848571777343750e+01,1.226717071533203125e+02,1.551329040527343750e+02,1.839550628662109375e+02,2.154019775390625000e+02,2.395224609375000000e+02,2.468177185058593750e+02,2.534671325683593750e+02,2.533023071289062500e+02,2.576091613769531250e+02,2.406542816162109375e+02,2.320170288085937500e+02,2.113210449218750000e+02,1.910544586181640625e+02,1.740215911865234375e+02,1.511193695068359375e+02,1.345638275146484375e+02,1.195241012573242188e+02,1.118361282348632812e+02,9.662052154541015625e+01,7.058395385742187500e+01,5.041098785400390625e+01,3.285721206665039062e+01,2.635270881652832031e+01,3.378414916992187500e+01,2.549934387207031250e+01,2.215915679931640625e+01,1.781675338745117188e+01,5.973835945129394531e+00,4.622837066650390625e+00,1.293876075744628906e+01,7.316643714904785156e+00,9.509771347045898438e+00,9.489223480224609375e+00,-1.947812080383300781e+00,-3.400534868240356445e+00,-3.192915916442871094e+00,-3.805094957351684570e+00,-2.468563318252563477e+00,-6.927407979965209961e-01,2.029687166213989258e+00,-4.284381866455078125e+00,5.268440246582031250e+00
-1.150801777839660645e-01,2.043811321258544922e+00,1.626984000205993652e+00,5.014487266540527344e+00,9.771787643432617188e+00,1.609417343139648438e+01,2.287924385070800781e+01,2.865989685058593750e+01,3.347222137451171875e+01,4.031049346923828125e+01,4.499418258666992188e+01,4.665923690795898438e+01,4.800569534301757812e+01,4.708451461791992188e+01,4.724990463256835938e+01,4.394106292724609375e+01,4.208092498779296875e+01,3.795750045776367188e+01,3.401083755493164062e+01,3.073937034606933594e+01,2.647590637207031250e+01,2.366639518737792969e+01,2.058216094970703125e+01,1.869951438903808594e+01,1.618142509460449219e+01,1.091264724731445312e+01,7.826811313629150391e+00,5.728747367858886719e+00,4.600332260131835938e+00,4.957937240600585938e+00,3.386907339096069336e+00,3.180478811264038086e+00,2.596154689788818359e+00,6.283097863197326660e-01,3.450535982847213745e-02,1.734710216522216797e+00,1.059528112411499023e+00,1.335012435913085938e+00,1.350335478782653809e+00,-6.966253519058227539e-01,-7.635238170623779297e-01,-6.700974702835083008e-01,-1.250557661056518555e+00,-5.616747140884399414e-01,1.932491064071655273e-01,5.441141724586486816e-01,-7.713880538940429688e-01,8.093652129173278809e-01
